0.001 16.001175025680855 13.91497603065028 1.2 0.005
0.0004 16.001168783240708 13.91497603065028 1.2 0.005
0.00028571428571428574 16.00116820084497 13.91497603065028 1.2 0.005
0.0002 16.001167891446496 13.91497603065028 1.2 0.005
0.0001 16.001167668497274 13.91497603065028 1.2 0.005
6.666666666666667e-5 16.001167627210354 13.91497603065028 1.2 0.005
5.0e-5 16.00116761275993 13.91497603065028 1.2 0.005
4.0e-5 16.001167606071444 13.91497603065028 1.2 0.005
3.3333333333333335e-5 16.001167602438194 13.91497603065028 1.2 0.005
2.857142857142857e-5 16.00116760024746 13.91497603065028 1.2 0.005
2.5e-5 16.00116759882559 13.91497603065028 1.2 0.005
2.2222222222222223e-5 16.001167597850756 13.91497603065028 1.2 0.005
2.0e-5 16.00116759715347 13.91497603065028 1.2 0.005
1.3333333333333333e-5 16.001167595501993 13.91497603065028 1.2 0.005
1.0e-5 16.001167594923974 13.91497603065028 1.2 0.005
8.0e-6 16.001167594656433 13.91497603065028 1.2 0.005
6.666666666666667e-6 16.001167594511106 13.91497603065028 1.2 0.005
5.7142857142857145e-6 16.001167594423475 13.91497603065028 1.2 0.005
5.0e-6 16.0011675943666 13.91497603065028 1.2 0.005
4.444444444444444e-6 16.001167594327608 13.91497603065028 1.2 0.005
4.0e-6 16.001167594299716 13.91497603065028 1.2 0.005
