0.49998711436403237	0.4576814840762814	17.54966027808796
0.6348146933621857	-0.5171461751305891	17.54966027808796
2.3834636512446523e-5	-0.07482782767920808	17.54966027808796
-0.20687525546567734	0.14211228628082476	17.54966027808796
-1.8491710696983963e-5	0.05807128457711766	17.54966027808796
0.11870686812638323	-0.06117353879612919	17.54966027808796
1.0975113573991602e-5	-0.04063431399776356	17.54966027808796
-0.07940920157441254	0.029499946645658637	17.54966027808796
-2.8620165588457243e-6	0.027341741952192126	17.54966027808796
0.05672897147157561	-0.015367351192973094	17.54966027808796
-4.402269734837308e-6	-0.01836766425001918	17.54966027808796
-0.04188432437377193	0.00849039181682051	17.54966027808796
9.844451875812767e-6	0.012454045087721556	17.54966027808796
0.03147970165391396	-0.004906184642616147	17.54966027808796
-1.3077290740524963e-5	-0.00853769574658329	17.54966027808796
-0.02389780077794268	0.002935668603141053	17.54966027808796
1.4215484132426831e-5	0.005913413880878927	17.54966027808796
0.0182469544745562	-0.001805573263195217	17.54966027808796
-1.3688160329782293e-5	-0.004132770572168841	17.54966027808796
-0.013979488940908603	0.001135362897696559	17.54966027808796
1.2043763161609697e-5	0.0029108030300019493	17.54966027808796
0.0107316438288677	-0.0007269488994989189	17.54966027808796
-9.805181991966605e-6	-0.0020638992152305084	17.54966027808796
-0.008248406253654748	0.0004724852273549304	17.54966027808796
7.390782188060132e-6	0.0014719337025456706	17.54966027808796
0.0063445399997874305	-0.00031098572053221235	17.54966027808796
-5.090117119958932e-6	-0.0010551109787602041	17.54966027808796
-0.004882436010822659	0.00020688830402365831	17.54966027808796
3.0738284182848488e-6	0.0007597320883120928	17.54966027808796
0.0037584386420459895	-0.00013890046565224375	17.54966027808796
-1.4191552106877768e-6	-0.0005492359322973689	17.54966027808796
-0.0028938052128765954	9.399361251265327e-5	17.54966027808796
1.3853807056896895e-7	0.00039848504524892973	17.54966027808796
0.0022284106993661545	-6.404163446335915e-5	17.54966027808796
7.952765641683853e-7	-0.00029004415020237266	17.54966027808796
-0.0017162022756993455	4.3894964764420056e-5	17.54966027808796
-1.4300523528194485e-6	0.0002117298243345889	17.54966027808796
0.0013218380217317667	-3.024316011680471e-5	17.54966027808796
1.8208549114016228e-6	-0.00015497074782514346	17.54966027808796
-0.0010181633536941945	2.0932491381364714e-5	17.54966027808796
-2.0218208559138094e-6	0.00011370157160502933	17.54966027808796
0.0007842984660759808	-1.4546223585449106e-5	17.54966027808796
2.081626089947369e-6	-8.360713157559359e-5	17.54966027808796
-0.0006041804045228428	1.0143849516034682e-5	17.54966027808796
-2.0414760168996266e-6	6.160307029583068e-5	17.54966027808796
0.00046544771029778057	-7.095565839591096e-6	17.54966027808796
1.9346812596093176e-6	-4.54751387029745e-5	17.54966027808796
-0.00035858523628563334	4.976625586273445e-6	17.54966027808796
-1.7871395734021652e-6	3.362768304621334e-5	17.54966027808796
0.0002762675214996574	-3.498576238842875e-6	17.54966027808796
1.6182650116133728e-6	-2.490667788187537e-5	17.54966027808796
-0.00021285416408732004	2.464438953743668e-6	17.54966027808796
-1.4420742164694352e-6	1.847487490094895e-5	17.54966027808796
0.00016400177441884837	-1.7389374326840173e-6	17.54966027808796
1.2682597817346555e-6	-1.372301195606677e-5	17.54966027808796
-0.00012636545336997906	1.228770447454687e-6	17.54966027808796
-1.103161166512295e-6	1.0206570276347787e-5	17.54966027808796
9.736907535511795e-5	-8.69285671632913e-7	17.54966027808796
9.505947683097032e-7	-7.6003957268558904e-6	17.54966027808796
-7.502848036390528e-5	6.155357496283837e-7	17.54966027808796
-8.125352974266043e-7	5.666122588585501e-6	17.54966027808796
5.781536714243551e-5	-4.3614941899394584e-7	17.54966027808796
6.896573886825478e-7	-4.2286227565456235e-6	17.54966027808796
-4.455250503633175e-5	3.0917808583784455e-7	17.54966027808796
-5.817544265637786e-7	3.158989229685905e-6	17.54966027808796
3.433304981632542e-5	-2.192137156566418e-7	17.54966027808796
4.880542881210739e-7	-2.3621546514373692e-6	17.54966027808796
-2.6458413738376705e-5	1.5542212505593766e-7	17.54966027808796
-4.0745142686100676e-7	1.767896956484182e-6	17.54966027808796
2.0390419664106156e-5	-1.1016252897413052e-7	17.54966027808796
3.3867288435740024e-7	-1.3242581448123505e-6	17.54966027808796
-1.5714452958009153e-5	7.804149976881393e-8	17.54966027808796
-2.803933386133066e-7	9.927421730922021e-7	17.54966027808796
1.2111081665411626e-5	-5.524156547602199e-8	17.54966027808796
2.3131168853520426e-7	-7.447836825526483e-7	17.54966027808796
-9.334197742796395e-6	3.906037836733916e-8	17.54966027808796
-1.9019923082194855e-7	5.591619842394658e-7	17.54966027808796
7.1941801840465595e-6	-2.7579938804743153e-8	17.54966027808796
1.5592732629754789e-7	-4.2009078813957435e-7	17.54966027808796
-5.544925757732817e-6	1.9439909125333935e-8	17.54966027808796
-1.2748063794805447e-7	3.1581522506462234e-7	17.54966027808796
4.273858532740859e-6	-1.3672854648244245e-8	17.54966027808796
1.0396053081220344e-7	-2.37571085337283e-7	17.54966027808796
-3.29423374209062e-6	9.591929617609783e-9	17.54966027808796
-8.458203963322764e-8	1.7881876286743746e-7	17.54966027808796
2.539208876841334e-6	-6.708024055784408e-9	17.54966027808796
6.86668768804898e-8	-1.3467264935608214e-7	17.54966027808796
-1.9572760591187976e-6	4.673858415709121e-9	17.54966027808796
-5.563424280622007e-8	1.0148051089246609e-7	17.54966027808796
1.5087430311933537e-6	-3.2419583595309985e-9	17.54966027808796
4.499065642058946e-8	-7.65088898957753e-8	17.54966027808796
-1.1630219420683582e-6	2.2367760577592823e-9	17.54966027808796
-3.6319627610327956e-8	5.771102808851589e-8	17.54966027808796
8.965404370318915e-7	-1.5331978857414459e-9	17.54966027808796
2.9271695020014496e-8	-4.355253494738095e-8	17.54966027808796
-6.911321681325229e-7	1.0426623747132815e-9	17.54966027808796
-2.3555146134278725e-8	3.2882801715391524e-8	17.54966027808796
5.32796659261818e-7	-7.020749027599315e-10	17.54966027808796
1.892758621304217e-8	-2.4837947209615115e-8	17.54966027808796
-4.107437391734527e-7	4.669353040931216e-10	17.54966027808796
-1.518842389827311e-8	1.876931608406528e-8	17.54966027808796
3.1665722344960034e-7	-3.055652527550592e-10	17.54966027808796
1.2172272430451512e-8	-1.4189211223359784e-8	17.54966027808796
-2.4412752603860567e-7	1.9574686924404815e-10	17.54966027808796
-9.743225564542836e-9	1.0731014484319658e-8	17.54966027808796
1.8821443191999935e-7	-1.2168094364394542e-10	17.54966027808796
7.789941028492529e-9	-8.118716524903868e-9	17.54966027808796
-1.4511016332388284e-7	7.23792676063232e-11	17.54966027808796
-6.221453572802895e-9	6.144620856994781e-9	17.54966027808796
1.1187972695224216e-7	-4.003635438932066e-11	17.54966027808796
4.9636346070215185e-9	-4.652164859392745e-9	17.54966027808796
-8.626081184568059e-8	1.9291667969705003e-11	17.54966027808796
-3.956217469226281e-9	3.5234327590926896e-9	17.54966027808796
6.65095762209751e-8	-6.339186094260491e-12	17.54966027808796
3.1503111898405425e-9	-2.6694290560633353e-9	17.54966027808796
-5.1281797139076914e-8	-1.384833311372499e-12	17.54966027808796
-2.506333031817219e-9	2.0230782890136707e-9	17.54966027808796
3.9541271257589436e-8	5.702950813625616e-12	17.54966027808796
1.9922958943516846e-9	-1.5336931870754457e-9	17.54966027808796
-3.048921731294257e-8	-7.805508734138972e-12	17.54966027808796
-1.5823959775115242e-9	1.1630500839242008e-9	17.54966027808796
2.3509863035278617e-8	8.543370691002573e-12	17.54966027808796
1.2558511134122027e-9	-8.822270704110939e-10	17.54966027808796
-1.8128506150781722e-8	-8.443988478765079e-12	17.54966027808796
-9.959492314692295e-10	6.694064303531455e-10	17.54966027808796
1.397918819192149e-8	7.890176460315595e-12	17.54966027808796
7.892702854765496e-10	-5.0805680253691e-10	17.54966027808796
-1.077977804156239e-8	-7.097291585500999e-12	17.54966027808796
-6.250524112607942e-10	3.8570639753873096e-10	17.54966027808796
8.312765645891747e-9	6.2281018381156235e-12	17.54966027808796
4.946762559750654e-10	-2.9289044890305754e-10	17.54966027808796
-6.410457495409391e-9	-5.35644755444344e-12	17.54966027808796
-3.912467630638678e-10	2.2247016382743673e-10	17.54966027808796
4.943564424323987e-9	4.545282988363601e-12	17.54966027808796
3.092544426476911e-10	-1.6901790270652812e-10	17.54966027808796
-3.81240451318515e-9	-3.808110765612296e-12	17.54966027808796
-2.4430170041977674e-10	1.284427347071028e-10	17.54966027808796
2.9401214268242823e-9	3.164973945347407e-12	17.54966027808796
1.9288195727252e-10	-9.762712717887048e-11	17.54966027808796
-2.2674566587556416e-9	-2.6066079538552384e-12	17.54966027808796
-1.5220191066356106e-10	7.422447320598176e-11	17.54966027808796
1.7487191331273286e-9	2.1362243717549374e-12	17.54966027808796
1.2003838211223095e-10	-5.6441200515673566e-11	17.54966027808796
-1.3486783779941498e-9	-1.7382054046967092e-12	17.54966027808796
-9.462364013028245e-11	4.293025395339414e-11	17.54966027808796
1.0401689505723685e-9	1.4103358108511524e-12	17.54966027808796
7.455311860991216e-11	-3.2657973169267894e-11	17.54966027808796
-8.022439888210717e-10	-1.1372462240102488e-12	17.54966027808796
-5.871187487061017e-11	2.4850730090996716e-11	17.54966027808796
6.187511574586806e-10	9.159133534209745e-13	17.54966027808796
4.621534446663229e-11	-1.8911687162220817e-11	17.54966027808796
-4.772352361002647e-10	-7.333808366065948e-13	17.54966027808796
-3.636248058692123e-11	1.4396479487335364e-11	17.54966027808796
3.6809146409448624e-10	5.873289245602834e-13	17.54966027808796
2.859782446086463e-11	-1.0959768333695461e-11	17.54966027808796
-2.839133021093697e-10	-4.676057846681866e-13	17.54966027808796
-2.2481815076696998e-11	8.346392149649914e-12	17.54966027808796
2.1898900009617603e-10	3.728750379616711e-13	17.54966027808796
1.766659344366292e-11	-6.3560235975850105e-12	17.54966027808796
-1.6891391474037443e-10	-2.954321607747789e-13	17.54966027808796
-1.3877264675243167e-11	4.842305385253716e-12	17.54966027808796
1.302911473096702e-10	2.348127042103824e-13	17.54966027808796
1.0896520395997312e-11	-3.688642649455336e-12	17.54966027808796
-1.0050109038013668e-10	-1.8526210265601733e-13	17.54966027808796
-8.552853428606492e-12	2.811263708446904e-12	17.54966027808796
7.752339607736573e-11	1.468867420287147e-13	17.54966027808796
6.7108334833567585e-12	-2.1420485475383417e-12	17.54966027808796
-5.979996772061088e-11	-1.154410817270661e-13	17.54966027808796
-5.2636768668281925e-12	1.6331913821396778e-12	17.54966027808796
4.612911557893156e-11	9.139252954290405e-14	17.54966027808796
4.127179691917421e-12	-1.244683926172276e-12	17.54966027808796
-3.5584029724806356e-11	-7.15399105942162e-14	17.54966027808796
-3.234981237210278e-12	9.49399461690273e-13	17.54966027808796
2.7449919796140645e-11	5.660321764384076e-14	17.54966027808796
2.5348382299118073e-12	-7.236603186366811e-13	17.54966027808796
-2.1175439929834633e-11	-4.4129293930497105e-14	17.54966027808796
-1.985587156726374e-12	5.522431287647387e-13	17.54966027808796
1.6335400838837296e-11	3.4919292732349616e-14	17.54966027808796
1.5548786155447793e-12	-4.209618580408892e-13	17.54966027808796
-1.2601782608833288e-11	-2.7100969289000355e-14	17.54966027808796
-1.2172181410156344e-12	3.2142334092163944e-13	17.54966027808796
9.72165864343188e-12	2.1481896535506654e-14	17.54966027808796
9.52616793593471e-13	-2.4499941138794057e-13	17.54966027808796
-7.499855271036906e-12	-1.6574926421316895e-14	17.54966027808796
-7.453077838471201e-13	1.87186033678141e-13	17.54966027808796
5.78591231743031e-12	1.3184949769537313e-14	17.54966027808796
5.829630048541572e-13	-1.4265489869658262e-13	17.54966027808796
-4.4636910940379275e-12	-1.0103123533367447e-14	17.54966027808796
-4.558409546174287e-13	1.0908115787085985e-13	17.54966027808796
3.4436851255052917e-12	8.072952192561514e-15	17.54966027808796
3.5635919348588225e-13	-8.309287239839902e-14	17.54966027808796
-2.6567745619212272e-12	-6.1311621676805805e-15	17.54966027808796
-2.784981990637652e-13	6.360431389163382e-14	17.54966027808796
2.049718369583134e-12	4.940847239808235e-15	17.54966027808796
2.1761050592407472e-13	-4.84153532780834e-14	17.54966027808796
-1.581369411060269e-12	-3.706001695004659e-15	17.54966027808796
-1.6997438726401163e-13	3.711702364342675e-14	17.54966027808796
1.2200661570888426e-12	3.023124869408239e-15	17.54966027808796
1.3275026274670537e-13	-2.8211443436253762e-14	17.54966027808796
-9.413021169652307e-13	-2.2289648622076266e-15	17.54966027808796
-1.0363688770546741e-13	2.167914409722772e-14	17.54966027808796
7.262561193694339e-13	1.850888944663524e-15	17.54966027808796
8.090482688817592e-14	-1.6438327654527188e-14	17.54966027808796
-5.603257585465183e-13	-1.3382515306878038e-15	17.54966027808796
-6.312865565697323e-14	1.267534217958061e-14	17.54966027808796
4.323277696470458e-13	1.134605355249422e-15	17.54966027808796
4.92627364989707e-14	-9.571722632368816e-15	17.54966027808796
-3.335544064645403e-13	-7.929653843689105e-16	17.54966027808796
-3.8418879623367646e-14	7.421993274058499e-15	17.54966027808796
2.5736640860154017e-13	6.978743324519944e-16	17.54966027808796
2.9969517748948736e-14	-5.573857637354354e-15	17.54966027808796
-1.9856613566814217e-13	-4.670255558717384e-16	17.54966027808796
-2.3359374137945128e-14	4.349940390232516e-15	17.54966027808796
1.5321678580377105e-13	4.3416747821945754e-16	17.54966027808796
1.821774390145732e-14	-3.2413555123909785e-15	17.54966027808796
-1.1821025981872705e-13	-2.6537060284681254e-16	17.54966027808796
-1.4190562353447968e-14	2.554803806202774e-15	17.54966027808796
9.121652532267847e-14	2.7797978729630297e-16	17.54966027808796
1.106487136809008e-14	-1.8798559856857813e-15	17.54966027808796
-7.03751148711747e-14	-1.4702749353612677e-16	17.54966027808796
-8.61393544921153e-15	1.5072760492866461e-15	17.54966027808796
5.4306396538512726e-14	1.7850589593207877e-16	17.54966027808796
6.714664910224262e-15	-1.0894136021252254e-15	17.54966027808796
-4.189741179085696e-14	-7.772596581358745e-17	17.54966027808796
-5.225082439706085e-15	8.923287895175164e-16	17.54966027808796
3.233322066771317e-14	1.1589286992206936e-16	17.54966027808796
4.0713482683783675e-15	-6.244548518948807e-16	17.54966027808796
-2.494353662382365e-14	-3.918626300719742e-17	17.54966027808796
-3.1672277595015003e-15	5.323511094416689e-16	17.54966027808796
1.9251135184998517e-14	7.880625525196687e-17	17.54966027808796
2.466922978466969e-15	-3.549118155636708e-16	17.54966027808796
-1.4850505647559555e-14	-1.8538992024194858e-17	17.54966027808796
-1.918192079060705e-15	3.2800289329488043e-16	17.54966027808796
1.146170852335338e-14	5.0965561535736757e-17	17.54966027808796
1.4937438351896177e-15	-1.9639772893580515e-16	17.54966027808796
-8.842112017127972e-15	-6.685657290570002e-18	17.54966027808796
-1.1605340450621782e-15	1.9877407384701197e-16	17.54966027808796
6.824358514528732e-15	3.1132237976457335e-17	17.54966027808796
9.045217411999882e-16	-1.050847031038091e-16	17.54966027808796
-5.263978706970977e-15	-5.325489870347336e-18	17.54966027808796
-7.00828878337636e-16	1.2400839194491873e-16	17.54966027808796
4.0641204403172374e-15	1.776022186043151e-17	17.54966027808796
5.485906164711509e-16	-5.4320321020561197e-17	17.54966027808796
-3.1329118135251117e-15	-4.0570284086932344e-18	17.54966027808796
-4.217519035053802e-16	8.029294441490242e-17	17.54966027808796
2.4212935275146784e-15	1.4158517788855947e-17	17.54966027808796
3.3288825598277464e-16	-2.0375087735918007e-17	17.54966027808796
-1.8642302349680084e-15	9.992439074488024e-19	17.54966027808796
-2.53881553048652e-16	5.803634041962355e-17	17.54966027808796
1.4424218889831931e-15	1.0934494249708881e-17	17.54966027808796
2.0185487843911827e-16	-4.058031641003143e-18	17.54966027808796
-1.1095835052927537e-15	7.068440850072797e-18	17.54966027808796
-1.529696011135782e-16	4.469225353832851e-17	17.54966027808796
8.58458616656885e-16	1.465969689280281e-17	17.54966027808796
1.21407255258192e-16	8.240971700868693e-18	17.54966027808796
-6.61591571196566e-16	1.0126236234270747e-17	17.54966027808796
-9.324389382928884e-17	3.45926031240189e-17	17.54966027808796
5.099341752679861e-16	1.5089195534132467e-17	17.54966027808796
7.195828235933813e-17	1.2606787191622725e-17	17.54966027808796
-3.9550961667320545e-16	1.2384807830605491e-17	17.54966027808796
-5.758296910460387e-17	2.737251531493391e-17	17.54966027808796
3.016385956778288e-16	1.537027546760433e-17	17.54966027808796
4.1937788740851094e-17	1.388651954278295e-17	17.54966027808796
-2.3792266537355013e-16	1.4804765885453497e-17	17.54966027808796
-3.634834098477206e-17	2.2616437355806252e-17	17.54966027808796
1.7705677610133675e-16	1.5097441987897853e-17	17.54966027808796
2.347067940852378e-17	1.0051529781160263e-17	17.54966027808796
-1.4422573899923198e-16	1.8573204948684036e-17	17.54966027808796
-2.3705514559217373e-17	1.2930134232059814e-17	17.54966027808796
1.0311436896587872e-16	1.4015934870099103e-17	17.54966027808796
1.2482742044778423e-17	6.323191864086602e-18	17.54966027808796
-8.768582085438044e-17	1.2294476136830652e-17	17.54966027808796
-1.5727908656903664e-17	1.0665583891863069e-17	17.54966027808796
5.993247366551681e-17	1.3136519322894165e-17	17.54966027808796
5.888762788383542e-18	1.0077675488254294e-17	17.54966027808796
-5.406470112353575e-17	1.1965976949605783e-17	17.54966027808796
-1.1253853747199911e-17	1.1271273705484919e-17	17.54966027808796
3.3874004048909075e-17	1.2081787672660309e-17	17.54966027808796
1.7165086959688913e-18	8.942837371138281e-18	17.54966027808796
-3.4366359486143063e-17	1.1408722418103563e-17	17.54966027808796
-8.514831247947343e-18	8.944384315870487e-18	17.54966027808796
1.8348636351914257e-17	9.956653216951098e-18	17.54966027808796
-6.958621269458276e-19	1.0413263307125214e-17	17.54966027808796
-2.295131859342653e-17	1.0460737410670723e-17	17.54966027808796
-6.899920592304684e-18	1.1819506568872939e-17	17.54966027808796
8.789899731021835e-18	7.022419752916898e-18	17.54966027808796
-2.298004172966079e-18	8.607035057895575e-18	17.54966027808796
-1.612164425117676e-17	4.800973324800209e-18	17.54966027808796
-5.34797440479499e-18	8.800753653031813e-18	17.54966027808796
3.7952805245802475e-18	3.569977602966522e-18	17.54966027808796
-2.461657922763142e-18	6.611682956543144e-18	17.54966027808796
-1.1939511849906834e-17	5.564668098056346e-19	17.54966027808796
-3.555177305432477e-18	6.950476998315709e-18	17.54966027808796
1.3714743877905167e-18	7.485949400347353e-19	17.54966027808796
-1.7808770305690557e-18	2.6449997863049426e-18	17.54966027808796
-9.415118062961977e-18	1.5128773210726274e-18	17.54966027808796
-1.624885955591008e-18	3.605956893909306e-18	17.54966027808796
6.188542690661512e-19	-1.8914818829035582e-18	17.54966027808796
-9.5533093076636e-19	3.827245338356209e-18	17.54966027808796
-4.068873400609032e-18	1.0435463206260987e-16	17.54966027808796
