0.4999944232113201	0.46428914125119086	15.03726276983332
0.6365168442973655	-0.5145835533380202	15.03726276983332
1.1123824130166667e-5	-0.0856263646570054	15.03726276983332
-0.2118980864392546	0.13688009471372256	15.03726276983332
-1.1034916320634099e-5	0.06444608489762758	15.03726276983332
0.1268107111344588	-0.057139798444342395	15.03726276983332
1.0887902137503991e-5	-0.044453208684052656	15.03726276983332
-0.0902290873227483	0.027798280028048215	15.03726276983332
-1.068450406953786e-5	0.030678832188079964	15.03726276983332
0.069817511923907	-0.015205287724729786	15.03726276983332
1.0427082956732269e-5	-0.021899054272978332	15.03726276983332
-0.05675753354847711	0.009064666474201242	15.03726276983332
-1.0118589354045455e-5	0.01618154870149972	15.03726276983332
0.047657742962646694	-0.0057741510164725715	15.03726276983332
9.76250375875402e-6	-0.012328711194470335	15.03726276983332
-0.04093572829911631	0.003871915186071085	15.03726276983332
-9.36276758800446e-6	0.009637527266412595	15.03726276983332
0.03575394200275459	-0.0027050117029562685	15.03726276983332
8.923707031576424e-6	-0.0076971030593303074	15.03726276983332
-0.0316276501221876	0.001953338225419784	15.03726276983332
-8.449952040307542e-6	0.006258216660665741	15.03726276983332
0.028256909352737863	-0.001449528287548409	15.03726276983332
7.946352758190556e-6	-0.005165330877094823	15.03726276983332
-0.025446207400366468	0.0011003329000319876	15.03726276983332
-7.417895660599754e-6	0.004317762835467439	15.03726276983332
0.023062675474576303	-0.0008514232893451552	15.03726276983332
6.869621530162158e-6	-0.0036485526167049608	15.03726276983332
-0.02101287279091119	0.0006696575110971145	15.03726276983332
-6.306547202647797e-6	0.003111828017943771	15.03726276983332
0.0192291775027541	-0.0005341559189403162	15.03726276983332
5.733592756875234e-6	-0.0026754568024179417	15.03726276983332
-0.017661445864805274	0.00043129849011830634	15.03726276983332
-5.1555155259685546e-6	0.002316393709213592	15.03726276983332
0.016271704782756215	-0.00035198487394989597	15.03726276983332
4.576851982770149e-6	-0.0020178110326711887	15.03726276983332
-0.015030664529232718	0.0002899663198986734	15.03726276983332
-4.001868228699384e-6	0.0017671857480390908	15.03726276983332
0.013915363022883381	-0.00024087266957956637	15.03726276983332
3.4345194885265943e-6	-0.0015550611337399663	15.03726276983332
-0.012907535552553718	0.00020157946366894825	15.03726276983332
-2.8784187167462762e-6	0.001374184434776401	15.03726276983332
0.011992462295476045	-0.00016982065735482896	15.03726276983332
2.3368141488608585e-6	-0.0012189258474865404	15.03726276983332
-0.011158138110699586	0.00014392254995088417	15.03726276983332
-1.8125753973576281e-6	0.0010848588009351912	15.03726276983332
0.010394664369114315	-0.00012263484851940574	15.03726276983332
1.308187502722175e-6	-0.0009684676646187669	15.03726276983332
-0.0096937966915022	0.00010500909352858568	15.03726276983332
-8.257522015311838e-7	0.0008669299295438373	15.03726276983332
0.009048604047173106	-9.031922424211351e-5	15.03726276983332
3.669955699041035e-7	-0.0007779602709000638	15.03726276983332
-0.008453208631392116	7.800206427616945e-5	15.03726276983332
6.671885805538478e-8	0.0006996912102742875	15.03726276983332
0.007902585163828801	-6.76175604568389e-5	15.03726276983332
-4.7437242902860277e-7	-0.0006305856625531678	15.03726276983332
-0.007392404456931904	5.881791084218538e-5	15.03726276983332
8.5527008164065e-7	0.0005693684529445886	15.03726276983332
0.006918910351126877	-5.132658155014101e-5	15.03726276983332
-1.209016320075478e-6	-0.0005149751189234874	15.03726276983332
-0.006478822066979975	4.492148232006847e-5	15.03726276983332
1.535489276139939e-6	0.0004665110054494878	15.03726276983332
0.006069256107364683	-3.942338049065587e-5	15.03726276983332
-1.834813617462527e-6	-0.0004232201518789275	15.03726276983332
-0.005687663331421867	3.4686333803059324e-5	15.03726276983332
2.1073329772244174e-6	0.00038445999046496344	15.03726276983332
0.0053317778994178625	-3.059103784166073e-5	15.03726276983332
-2.353582490351541e-6	-0.00034968180908443103	15.03726276983332
-0.0049995755761761	2.703918060723287e-5	15.03726276983332
2.5742619288856848e-6	0.0003184146113294687	15.03726276983332
0.004689239464167405	-2.3949490091670104e-5	15.03726276983332
-2.7702098460963776e-6	-0.00029025248684610646	15.03726276983332
-0.004399131673290699	2.125429311717986e-5	15.03726276983332
2.9423790467634744e-6	0.0002648440296597679	15.03726276983332
0.004127769763144594	-1.8897095638961894e-5	15.03726276983332
-3.091813622930935e-6	-0.00024188395948583635	15.03726276983332
-0.003873807043684468	1.6830424170797953e-5	15.03726276983332
3.219627731044718e-6	0.00022110601183145294	15.03726276983332
0.003636016011955156	-1.50143046380207e-5	15.03726276983332
-3.3269862075477196e-6	-0.00020227724845946977	15.03726276983332
-0.0034132743507408925	1.3414873389130663e-5	15.03726276983332
3.4150870795801557e-6	0.00018519317345267632	15.03726276983332
0.0032045530302543548	-1.2003398131985406e-5	15.03726276983332
-3.485145972675743e-6	-0.00016967378760192664	15.03726276983332
-0.003008906144236506	1.0755363566822999e-5	15.03726276983332
3.5383823804111743e-6	0.00015556016579426087	15.03726276983332
0.002825462182930158	-9.649827841965228e-6	15.03726276983332
-3.5760077325572742e-6	-0.00014271166811874027	15.03726276983332
-0.0026534165017034076	8.668808199050331e-6	15.03726276983332
3.5992151716702973e-6	0.00013100349745250687	15.03726276983332
0.0024920247889266955	-7.796849932207177e-6	15.03726276983332
-3.6091709352162757e-6	-0.000120324693748895	15.03726276983332
-0.002340597372576188	7.020605934955304e-6	15.03726276983332
3.6070072222607037e-6	0.0001105763621624096	15.03726276983332
0.0021984942338449313	-6.328543072909503e-6	15.03726276983332
-3.5938164241426243e-6	-0.00010167020771030815	15.03726276983332
-0.002065120619299455	5.710649598884018e-6	15.03726276983332
3.570646589587702e-6	9.352723046556661e-5	15.03726276983332
0.0019399231619442957	-5.158232067318376e-6	15.03726276983332
-3.5384979978615773e-6	-8.60766395916165e-5	15.03726276983332
-0.0018223864368623662	4.66370862756027e-6	15.03726276983332
3.4983207169359026e-6	7.925487933174321e-5	15.03726276983332
0.0017120298895824816	-4.220466621203482e-6	15.03726276983332
-3.4510130252495924e-6	-7.30048136837575e-5	15.03726276983332
-0.0016084050855318676	3.822714521387922e-6	15.03726276983332
3.3974205871006153e-6	6.727499029398755e-5	15.03726276983332
0.001511093237316421	-3.465380835942608e-6	15.03726276983332
-3.338336271907214e-6	-6.20190210756674e-5	15.03726276983332
-0.0014197029734583741	3.144006710379388e-6	15.03726276983332
3.274500524344285e-6	5.719501963853274e-5	15.03726276983332
0.001333868317920204	-2.8546733466950126e-6	15.03726276983332
-3.2066021914253612e-6	-5.2765125716312794e-5	15.03726276983332
-0.0012532468544424434	2.5939231977240866e-6	15.03726276983332
3.135279729515312e-6	4.869507084033874e-5	15.03726276983332
0.0011775180536370215	-2.3587073268856696e-6	15.03726276983332
-3.061122714819962e-6	-4.4953809645941255e-5	15.03726276983332
-0.0011063817440193173	2.146326965143939e-6	15.03726276983332
2.9846735964719883e-6	4.151318146376794e-5	15.03726276983332
0.001039556710879068	-1.9543949804215567e-6	15.03726276983332
-2.906429631058383e-6	-3.8347621980778903e-5	15.03726276983332
-0.0009767794091485506	1.7807921088325882e-6	15.03726276983332
2.82684495278528e-6	3.543389736769796e-5	15.03726276983332
0.0009178027783340568	-1.6236385159102441e-6	15.03726276983332
-2.746332732226155e-6	-3.2750876996664556e-5	15.03726276983332
-0.0008623951491669413	1.4812607187947936e-6	15.03726276983332
2.6652673899007953e-6	3.0279322981284732e-5	15.03726276983332
0.0008103392329840939	-1.3521704370108335e-6	15.03726276983332
-2.5839868303994866e-6	-2.800170974070304e-5	15.03726276983332
-0.0007614311859815048	1.2350393826215333e-6	15.03726276983332
2.5027946730804487e-6	2.5902056265846105e-5	15.03726276983332
0.0007154797414561554	-1.1286834242744627e-6	15.03726276983332
-2.4219624544715625e-6	-2.3965781948123963e-5	15.03726276983332
-0.0006723054039682506	1.032043222337485e-6	15.03726276983332
2.3417317883142866e-6	2.2179572071048734e-5	15.03726276983332
0.000631739700065582	-9.441722979331095e-7	15.03726276983332
-2.2623164646011617e-6	-2.053126194115891e-5	15.03726276983332
-0.0005936244808056149	8.642220482256889e-7	15.03726276983332
2.183904479779784e-6	1.900972841850674e-5	15.03726276983332
0.0005578112718350402	-7.914327075039171e-7	15.03726276983332
-2.106659987542614e-6	-1.760479630031582e-5	15.03726276983332
-0.0005241606672291582	7.251216716534763e-7	15.03726276983332
2.0307251648832543e-6	1.6307150403654922e-5	15.03726276983332
0.0004925417636823377	-6.646766160976114e-7	15.03726276983332
-1.956221988683031e-6	-1.5108259564507198e-5	15.03726276983332
-0.00046283163197640055	6.095463395847452e-7	15.03726276983332
1.883253920636351e-6	1.4000305047613768e-5	15.03726276983332
0.0004349148229483433	-5.592355009259036e-7	15.03726276983332
-1.8119074987443171e-6	-1.297611857672253e-5	15.03726276983332
-0.0004086829054352993	5.132973945676877e-7	15.03726276983332
1.7422538362059542e-6	1.202912379241733e-5	15.03726276983332
0.00038403403390259563	-4.7132990953348164e-7	15.03726276983332
-1.6743500282330404e-6	-1.11532855218335e-5	15.03726276983332
-0.00036087254366058263	4.3296979611807787e-7	15.03726276983332
1.608240467938046e-6	1.034306172081516e-5	15.03726276983332
0.0003391085717520323	-3.9788955271864206e-7	15.03726276983332
-1.5439580756433836e-6	-9.593361793479733e-6	15.03726276983332
-0.0003186577017542235	3.657928507495853e-7	15.03726276983332
1.4815254414943473e-6	8.89950700078117e-6	15.03726276983332
0.0002994406308752772	-3.3641212943955904e-7	15.03726276983332
-1.4209558879773257e-6	-8.257196101422251e-6	15.03726276983332
-0.00028138285785794847	3.0950492576958416e-7	15.03726276983332
1.3622544526788959e-6	7.662472628647416e-6	15.03726276983332
0.0002644143903120452	-2.84852011887813e-7	15.03726276983332
-1.305418797781964e-6	-7.111696479833168e-6	15.03726276983332
-0.0002484694702055775	2.6225443625702755e-7	15.03726276983332
1.2504400472669586e-6	6.601516788451566e-6	15.03726276983332
0.00023348631633278913	-2.4153207862732895e-7	15.03726276983332
-1.197303558865713e-6	-6.128848366407711e-6	15.03726276983332
-0.00021940688266841037	2.2252125312673987e-7	15.03726276983332
1.1459896312995882e-6	5.690849151602009e-6	15.03726276983332
0.00020617663158920213	-2.0507358570775998e-7	15.03726276983332
-1.0964741528632018e-6	-5.2849006235904805e-6	15.03726276983332
-0.00019374432101874604	1.8905406358148868e-7	15.03726276983332
1.0487291945684635e-6	4.908589006425584e-6	15.03726276983332
0.00018206180461582527	-1.7434016252235197e-7	15.03726276983332
-1.0027235505607625e-6	-4.559688948426032e-6	15.03726276983332
-0.00017108384418461012	1.6082025245653487e-7	15.03726276983332
9.584232308200761e-7	4.23614781729209e-6	15.03726276983332
0.0001607679335431809	-1.4839291902578598e-7	15.03726276983332
-9.157919076270719e-7	-3.936072069798737e-6	15.03726276983332
-0.00015107413313372725	1.3696565470857932e-7	15.03726276983332
8.74791321275883e-7	3.657714100998946e-6	15.03726276983332
0.00014196491470945435	-1.2645433176292402e-7	15.03726276983332
-8.353816455000502e-7	-3.399460837034445e-6	15.03726276983332
-0.00013340501547131863	1.1678212326667047e-7	15.03726276983332
7.975218185123101e-7	3.159822699915125e-6	15.03726276983332
0.0001253613010742853	-1.0787909428022713e-7	15.03726276983332
-7.611698387275859e-7	-2.9374240426329363e-6	15.03726276983332
-0.00011780263695276478	9.968130891540607e-8	15.03726276983332
7.262830320131174e-7	2.7309938709065427e-6	15.03726276983332
0.00011069976745809247	-9.213051389944615e-8	15.03726276983332
-6.928182889295687e-7	-2.539357808798348e-6	15.03726276983332
-0.00010402520232545799	8.517339674386742e-8	15.03726276983332
6.60732277178494e-7	2.3614302832290693e-6	15.03726276983332
9.775311002391256e-5	-7.876134174553429e-8	15.03726276983332
-6.299816294905031e-7	-2.1962077640068004e-6	15.03726276983332
-9.185921756702215e-5	7.284981131031401e-8	15.03726276983332
6.005231104885056e-7	2.042762169006414e-6	15.03726276983332
8.63207163915134e-5	-6.739815876999077e-8	15.03726276983332
-5.723137626461026e-7	-1.900235167645168e-6	15.03726276983332
-8.111617393199641e-5	6.236911051809496e-8	15.03726276983332
5.453110351448714e-7	1.7678326069313108e-6	15.03726276983332
7.62254505471038e-5	-5.772862339763799e-8	15.03726276983332
-5.194728951182662e-7	-1.644819704141328e-6	15.03726276983332
-7.162962146940112e-5	5.344544966030598e-8	15.03726276983332
4.947579249196755e-7	1.5305163283155834e-6	15.03726276983332
6.731090347601747e-5	-4.949102930739824e-8	15.03726276983332
-4.7112540433194264e-7	-1.4242929379085987e-6	15.03726276983332
-6.325258599063278e-5	4.583912340036431e-8	15.03726276983332
4.4853538191601895e-7	1.3255665804880269e-6	15.03726276983332
5.943896635094822e-5	-4.2465733737206684e-8	15.03726276983332
-4.269487336721149e-7	-1.2337974555906292e-6	15.03726276983332
-5.585528898612655e-5	3.9348792745085673e-8	15.03726276983332
4.0632721273205946e-7	1.1484855185322697e-6	15.03726276983332
5.24876882696941e-5	-3.6468104600851834e-8	15.03726276983332
-3.8663348898291854e-7	-1.0691675687916723e-6	15.03726276983332
-4.932313482316918e-5	3.380508203023759e-8	15.03726276983332
3.6783118141767986e-7	9.954143628551522e-7	15.03726276983332
4.6349385063605045e-5	-3.1342704252156285e-8	15.03726276983332
-3.498848818689833e-7	-9.2682814502308e-7	15.03726276983332
-4.355493379608687e-5	2.9065292841532302e-8	15.03726276983332
3.32760173747328e-7	8.630401898714963e-7	15.03726276983332
4.092896967009009e-5	-2.6958482756235304e-8	15.03726276983332
-3.1642364330670995e-7	-8.037087060561922e-7	15.03726276983332
-3.846133332347045e-5	2.5009030876439177e-8	15.03726276983332
3.008428867219944e-7	7.48516741935417e-7	15.03726276983332
3.614247805352833e-5	-2.3204797215535e-8	15.03726276983332
-2.8598651243833233e-7	-6.971704042590041e-7	15.03726276983332
-3.396343286216448e-5	2.1534580770718904e-8	15.03726276983332
2.7182413858753983e-7	6.4939707121897e-7	15.03726276983332
3.191576773018969e-5	-1.998810869707252e-8	15.03726276983332
-2.5832638816217307e-7	-6.049438773660435e-7	15.03726276983332
-2.9991560988514988e-5	1.8555895111412888e-8	15.03726276983332
2.4546487969261883e-7	5.635761871676701e-7	15.03726276983332
2.8183368657108988e-5	-1.722923630834294e-8	15.03726276983332
-2.3321221613944296e-7	-5.250763053555672e-7	15.03726276983332
-2.6484195634638307e-5	1.6000089021547164e-8	15.03726276983332
2.2154197094436392e-7	4.892421715678039e-7	15.03726276983332
2.488746862606645e-5	-1.4861070189621511e-8	15.03726276983332
-2.104286722664462e-7	-4.558862616886812e-7	15.03726276983332
-2.3387010703809358e-5	1.3805351672746572e-8	15.03726276983332
1.998477852382897e-7	4.2483447040405323e-7	15.03726276983332
2.197701740327361e-5	-1.2826663475152366e-8	15.03726276983332
-1.8977569299033103e-7	-3.959251745868483e-7	15.03726276983332
-2.0652034260601966e-5	1.1919202385163157e-8	15.03726276983332
1.8018967652130327e-7	3.69008275719134e-7	15.03726276983332
1.940693570565286e-5	-1.1077637773319402e-8	15.03726276983332
-1.7106789309107096e-7	-3.4394440087237694e-7	15.03726276983332
-1.8236905227520868e-5	1.02970320887346e-8	15.03726276983332
1.623893546875974e-7	3.206040813279617e-7	15.03726276983332
1.713741673737885e-5	-9.572848480586543e-9	15.03726276983332
-1.541339048830832e-7	-2.988670705335243e-7	15.03726276983332
-1.6104217054542024e-5	8.900881476289139e-9	15.03726276983332
1.4628219616769183e-7	2.7862163881841435e-7	15.03726276983332
1.5133309449734169e-5	-8.277265845133132e-9	15.03726276983332
-1.3881566610547767e-7	-2.5976399090472104e-7	15.03726276983332
-1.4220938180131148e-5	7.698415970880949e-9	15.03726276983332
1.3171651408259074e-7	2.4219765978452135e-7	15.03726276983332
1.3363573957695772e-5	-7.161035558569024e-9	15.03726276983332
-1.2496767765822362e-7	-2.2583300891085157e-7	15.03726276983332
-1.2557900294023866e-5	6.662064455956052e-9	15.03726276983332
1.185528084476962e-7	2.1058671084631944e-7	15.03726276983332
1.1800800667811054e-5	-6.198688887311565e-9	15.03726276983332
-1.1245624945378434e-7	-1.963813216628261e-7	15.03726276983332
-1.1089346467802671e-5	5.768294648721684e-9	15.03726276983332
1.0666301075061495e-7	1.8314483205668026e-7	15.03726276983332
1.0420785661077998e-5	-5.368477645037211e-9	15.03726276983332
-1.0115874729832293e-7	-1.7081030335922765e-7	15.03726276983332
-9.792532146312618e-6	4.997002578606706e-9	15.03726276983332
9.592973558249495e-8	1.593154806819765e-7	15.03726276983332
9.202155747989002e-6	-4.6518135514567546e-9	15.03726276983332
-9.096285156871442e-8	-1.4860248149444097e-7	15.03726276983332
-8.647372814687496e-6	4.33099753888108e-9	15.03726276983332
8.624554846213037e-8	1.3861746199640234e-7	15.03726276983332
8.126037383820987e-6	-4.0327949181192495e-9	15.03726276983332
-8.176583539351621e-8	-1.2931035054271729e-7	15.03726276983332
-7.636132879635436e-6	3.755567054707528e-9	15.03726276983332
7.751225623678808e-8	1.2063455964214252e-7	15.03726276983332
7.175764311575847e-6	-3.4978066398253204e-9	15.03726276983332
-7.347386897820297e-8	-1.1254675776698148e-7	15.03726276983332
-6.743150943131015e-6	3.2581089158026335e-9	15.03726276983332
6.964022567809911e-8	1.0500662051653008e-7	15.03726276983332
6.336619402702192e-6	-3.0351816841406336e-9	15.03726276983332
-6.600135313491719e-8	-9.797663520308604e-8	15.03726276983332
-5.954597210337127e-6	2.827819679774637e-9	15.03726276983332
6.254773340028277e-8	9.142188570684904e-8	15.03726276983332
5.5956066938980894e-6	-2.6349142806715176e-9	15.03726276983332
-5.927028591588426e-8	-8.53098851171381e-8	15.03726276983332
-5.2582592731789e-6	2.455430580284768e-9	15.03726276983332
5.616034910741256e-8	7.961038950613446e-8	15.03726276983332
4.941250087729471e-6	-2.288416721886546e-9	15.03726276983332
-5.3209663397829504e-8	-7.429525463071152e-8	15.03726276983332
-4.6433529493210126e-6	2.1329834043959112e-9	15.03726276983332
5.041035414525998e-8	6.933827459828879e-8	15.03726276983332
4.363415598269656e-6	-1.988312802632409e-9	15.03726276983332
-4.7754915602323424e-8	-6.471505911353055e-8	15.03726276983332
-4.100355246178864e-6	1.8536401568288405e-9	15.03726276983332
4.523619497134766e-8	6.040289367593696e-8	15.03726276983332
3.853154386973565e-6	-1.7282623083259936e-9	15.03726276983332
-4.284737769502622e-8	-5.638063436432279e-8	15.03726276983332
-3.6208568613339055e-6	1.6115211218437344e-9	15.03726276983332
4.058197216010299e-8	5.262858658102914e-8	15.03726276983332
3.402564157269873e-6	-1.5028116340605266e-9	15.03726276983332
-3.8433796248947245e-8	-4.9128414954552704e-8	15.03726276983332
-3.1974319348572203e-6	1.4015670813739577e-9	15.03726276983332
3.639696341176864e-8	4.586303798322352e-8	15.03726276983332
3.0046667599546684e-6	-1.3072666257985907e-9	15.03726276983332
-3.446586952721124e-8	-4.281655093985953e-8	15.03726276983332
-2.8235230347202703e-6	1.2194218611086744e-9	15.03726276983332
3.2635180726012855e-8	3.997413427763187e-8	15.03726276983332
2.6533001139832582e-6	-1.1375841116160107e-9	15.03726276983332
-3.089982058426927e-8	-3.732198762390808e-8	15.03726276983332
-2.4933395941632065e-6	1.0613322177575548e-9	15.03726276983332
2.925495941120281e-8	3.48472501241472e-8	15.03726276983332
2.3430227673268454e-6	-9.902794173500116e-10	15.03726276983332
-2.769600220302376e-8	-3.253794390547051e-8	15.03726276983332
-2.2017682271846022e-6	9.240623121534514e-10	15.03726276983332
2.6218578449934418e-8	3.038290477725252e-8	15.03726276983332
2.0690296203776267e-6	-8.623473311244043e-10	15.03726276983332
-2.4818531749382335e-8	-2.8371733831347917e-8	15.03726276983332
-1.9442935331862654e-6	8.048207065564434e-10	15.03726276983332
2.3491909742180165e-8	2.64947370403762e-8	15.03726276983332
1.8270775052816313e-6	-7.511945816197172e-10	15.03726276983332
-2.2234954937543846e-8	-2.4742883901275956e-8	15.03726276983332
-1.7169281637874662e-6	7.011978768170459e-10	15.03726276983332
2.104409539468995e-8	2.3107754725019306e-8	15.03726276983332
1.6134194693733519e-6	-6.545820522583937e-10	15.03726276983332
-1.9915936210513685e-8	-2.158150529750982e-8	15.03726276983332
-1.5161510684111779e-6	6.11112779286949e-10	15.03726276983332
1.8847251039854396e-8	2.0156820867184932e-8	15.03726276983332
1.424746744210102e-6	-5.7057534108061e-10	15.03726276983332
-1.783497439271324e-8	-1.882688596498339e-8	15.03726276983332
-1.3388529620363882e-6	5.327670558086368e-10	15.03726276983332
1.687619369185824e-8	1.758534416637058e-8	15.03726276983332
1.2581375013564658e-6	-4.975023436953194e-10	15.03726276983332
-1.5968142218541968e-8	-1.642627239396944e-8	15.03726276983332
-1.1822881708911091e-6	4.6460580234300844e-10	15.03726276983332
1.5108192128879144e-8	1.5344145658016934e-8	15.03726276983332
1.1110116011457198e-6	-4.3391694989881513e-10	15.03726276983332
-1.4293847624152957e-8	-1.4333815193766944e-8	15.03726276983332
-1.0440321093948596e-6	4.0528390504349553e-10	15.03726276983332
1.3522738886492926e-8	1.3390477564442974e-8	15.03726276983332
9.810906336804578e-7	-3.785678262065992e-10	15.03726276983332
-1.2792615642765114e-8	-1.2509656062633307e-8	15.03726276983332
-9.219437303789197e-7	3.536371287834004e-10	15.03726276983332
1.210134174572887e-8	1.1687173610037985e-8	15.03726276983332
8.663626329644107e-7	-3.3037164679397453e-10	15.03726276983332
-1.1446889201772239e-8	-1.0919136962849452e-8	15.03726276983332
-8.141323666678978e-7	3.086573147202823e-10	15.03726276983332
1.0827333423661745e-8	1.020191291484388e-8	15.03726276983332
7.650509175605438e-7	-2.8839008263809225e-10	15.03726276983332
-1.0240847510900674e-8	-9.53211490177475e-9	15.03726276983332
-7.189284504497636e-7	2.694710244334272e-10	15.03726276983332
9.685698210686209e-9	8.906582095913227e-9	15.03726276983332
6.75586575385006e-7	-2.518100099975937e-10	15.03726276983332
-9.160240533324122e-9	-8.32236803874353e-9	15.03726276983332
-6.348576569023627e-7	2.353211930364396e-10	15.03726276983332
8.66291412303994e-9	7.776722282103749e-9	15.03726276983332
5.965841663044603e-7	-2.199264726623878e-10	15.03726276983332
-8.192238407914892e-9	-7.267080757906516e-9	15.03726276983332
-5.606180717421137e-7	2.0555131571972778e-10	15.03726276983332
7.746809232306834e-9	6.791049626208119e-9	15.03726276983332
5.268202661812087e-7	-1.9212802894172048e-10	15.03726276983332
-7.3252945239957715e-9	-6.346397125036864e-9	15.03726276983332
-4.950600288726703e-7	1.7959185746915048e-10	15.03726276983332
6.926431170674219e-9	5.931039376859752e-9	15.03726276983332
4.652145201473167e-7	-1.6788411003034316e-10	15.03726276983332
-6.549021178347233e-9	-5.5430334759705714e-9	15.03726276983332
-4.3716830599257257e-7	1.5694850916692525e-10	15.03726276983332
6.191928632597985e-9	5.180565017245475e-9	15.03726276983332
4.1081291164485776e-7	-1.4673413986386813e-10	15.03726276983332
-5.854076617128275e-9	-4.841942256563178e-9	15.03726276983332
-3.8604640222444e-7	1.3719206890876846e-10	15.03726276983332
5.534443949872382e-9	4.5255850923051106e-9	15.03726276983332
3.6277298807132044e-7	-1.2827812198189915e-10	15.03726276983332
-5.2320627662576976e-9	-4.230020213825235e-9	15.03726276983332
-3.4090265466586036e-7	1.1994973392268622e-10	15.03726276983332
4.946015448386519e-9	3.9538713151927e-9	15.03726276983332
3.2035081408776815e-7	-1.1216855371582322e-10	15.03726276983332
-4.675432427044915e-9	-3.6958550780607405e-9	15.03726276983332
-3.010379782226152e-7	1.048975457565257e-10	15.03726276983332
4.41948935294685e-9	3.4547724911950884e-9	15.03726276983332
2.828894508757631e-7	-9.810340719570349e-11	15.03726276983332
-4.17740526292524e-9	-3.2295055317584657e-9	15.03726276983332
-2.6583503938528427e-7	9.175388847788041e-11	15.03726276983332
3.948439827520198e-9	3.0190094594830874e-9	15.03726276983332
2.4980878256615774e-7	-8.582008049105408e-11	15.03726276983332
-3.73189179520038e-9	-2.8223100904093565e-9	15.03726276983332
-2.347486960699191e-7	8.027387879828911e-11	15.03726276983332
3.52709659313126e-9	2.638496953409156e-9	15.03726276983332
2.2059653230200838e-7	-7.509017214320592e-11	15.03726276983332
-3.3334247203472014e-9	-2.466721048620596e-9	15.03726276983332
-2.0729755538959043e-7	7.024447087258501e-11	15.03726276983332
3.1502796942592676e-9	2.3061887867682778e-9	15.03726276983332
1.948003291801638e-7	-6.571495841265128e-11	15.03726276983332
-2.977096655445807e-9	-2.1561601534258344e-9	15.03726276983332
-1.8305651866763253e-7	6.148027542989551e-11	15.03726276983332
2.8133404063049177e-9	2.0159433094984515e-9	15.03726276983332
1.7202070266557883e-7	-5.752146832428131e-11	15.03726276983332
-2.6585041493671555e-9	-1.884893138107246e-9	15.03726276983332
-1.616501984319296e-7	5.3819903036878765e-11	15.03726276983332
2.512107835227297e-9	1.7624064191903712e-9	15.03726276983332
1.5190489634656335e-7	-5.0359111906445406e-11	15.03726276983332
-2.3736969245855284e-9	-1.6479206615373494e-9	15.03726276983332
-1.4274710499309256e-7	4.712281651101523e-11	15.03726276983332
2.2428409145457522e-9	1.5409098347470058e-9	15.03726276983332
1.3414140518096694e-7	-4.409671855311419e-11	15.03726276983332
-2.119132215214622e-9	-1.4408834201766244e-9	15.03726276983332
-1.2605451310154324e-7	4.126659842771271e-11	15.03726276983332
2.0021848646300475e-9	1.3473826240504564e-9	15.03726276983332
1.1845515147563586e-7	-3.8620021905730586e-11	15.03726276983332
-1.8916334954583213e-9	-1.2599796379406674e-9	15.03726276983332
-1.1131392870666614e-7	3.614456925553744e-11	15.03726276983332
1.787132143866071e-9	1.1782742420582299e-9	15.03726276983332
1.0460322507529683e-7	-3.382943346009407e-11	15.03726276983332
-1.688353347157687e-9	-1.1018932634932864e-9	15.03726276983332
-9.8297086015233e-8	3.1663753566788465e-11	15.03726276983332
1.5949870823370747e-9	1.0304875386634172e-9	15.03726276983332
9.237112164083854e-8	-2.963813779671195e-11	15.03726276983332
-1.5067399473805453e-9	-9.637315005187442e-10	15.03726276983332
-8.68024125241893e-8	2.7743083284251262e-11	15.03726276983332
1.4233341639842846e-9	9.013204786405643e-10	15.03726276983332
8.156942090460899e-8	-2.597042827790407e-11	15.03726276983332
-1.3445068867527238e-9	-8.429704193460663e-10	15.03726276983332
-7.665190751203479e-8	2.431185978741475e-11	15.03726276983332
1.2700093516749297e-9	7.884154209658409e-10	15.03726276983332
7.203085325233937e-8	-2.2760272875693198e-11	15.03726276983332
-1.1996060993691746e-9	-7.374076127658247e-10	15.03726276983332
-6.76883856017006e-8	2.1308400982157323e-11	15.03726276983332
1.1330743392027114e-9	6.897149126037779e-10	15.03726276983332
6.360770950148408e-8	-1.9950057646570854e-11	15.03726276983332
-1.0702032971565854e-9	-6.451209915573299e-10	15.03726276983332
-5.977304250932681e-8	1.8678885808068898e-11	15.03726276983332
1.0107934093774728e-9	6.034232518409556e-10	15.03726276983332
5.616955347073408e-8	-1.7489503696559672e-11	15.03726276983332
-9.546560698507613e-10	-5.644328679400691e-10	15.03726276983332
-5.278330562858274e-8	1.637633700941379e-11	15.03726276983332
9.016125455915599e-10	5.279729628058152e-10	15.03726276983332
4.960120208308424e-8	-1.5334715176938532e-11	15.03726276983332
-8.514940859667606e-10	-4.938786972106213e-10	15.03726276983332
-4.661093588461251e-8	1.4359741099717239e-11	15.03726276983332
8.041406850672627e-10	4.619956270576588e-10	15.03726276983332
4.380094164166933e-8	-1.3447362267216354e-11	15.03726276983332
-7.594013502232361e-10	-4.3217983715495645e-10	15.03726276983332
-4.116035158699062e-8	1.2593281772870976e-11	15.03726276983332
7.171328885010698e-10	4.0429644358296447e-10	15.03726276983332
3.8678952769219256e-8	-1.1793971599030647e-11	15.03726276983332
-6.772001900160037e-10	-3.782197991806528e-10	15.03726276983332
-3.634714827117172e-8	1.1045670459401555e-11	15.03726276983332
6.394751621355928e-10	3.538320865490979e-10	15.03726276983332
3.4155919438272e-8	-1.034530471265442e-11	15.03726276983332
-6.038369357119997e-10	-3.310235846849344e-10	15.03726276983332
-3.2096791603281054e-8	9.68956581261487e-12	15.03726276983332
5.701709495239449e-10	3.096913781521184e-10	15.03726276983332
3.0161800787614994e-8	-9.075799910157492e-12	15.03726276983332
-5.383690221161352e-10	-2.8973964139952065e-10	15.03726276983332
-2.8343463244155285e-8	8.501088568391286e-12	15.03726276983332
5.08328804065437e-10	2.7107846046882485e-10	15.03726276983332
2.663474640865214e-8	-7.96312587389848e-12	15.03726276983332
-4.799534354841375e-10	-2.536241441179518e-10	15.03726276983332
-2.5029041562854606e-8	7.459352733990684e-12	15.03726276983332
4.531514906589288e-10	2.372981287297486e-10	15.03726276983332
2.3520138592076747e-8	-6.987757071899924e-12	15.03726276983332
-4.27836325727991e-10	-2.2202730514642487e-10	15.03726276983332
-2.2102201588462028e-8	6.546100801357606e-12	15.03726276983332
4.039261720114271e-10	2.0774301942183612e-10	15.03726276983332
2.076974658546036e-8	-6.132625335750669e-12	15.03726276983332
-3.813436444578719e-10	-1.9438140614851098e-10	15.03726276983332
-1.951762020249387e-8	5.7453668056822594e-12	15.03726276983332
3.6001555448822533e-10	1.8188246314413734e-10	15.03726276983332
1.834097965962121e-8	-5.38279724708066e-12	15.03726276983332
-3.3987283729070507e-10	-1.7019039220596896e-10	15.03726276983332
-1.7235274309121104e-8	5.043185641553336e-12	15.03726276983332
3.2084997910884136e-10	1.5925274484015037e-10	15.03726276983332
1.619622759127979e-8	-4.7252112739346004e-12	15.03726276983332
-3.028853272835558e-10	-1.4902077231628517e-10	15.03726276983332
-1.5219821056087384e-8	4.427346188278993e-12	15.03726276983332
2.859203020867988e-10	1.3944861334595093e-10	15.03726276983332
1.4302278218003244e-8	-4.148441165367509e-12	15.03726276983332
-2.6989981494055686e-10	-1.3049368471155468e-10	15.03726276983332
-1.3440050524274412e-8	3.8871506273438595e-12	15.03726276983332
2.5477156675553444e-10	1.221158760114819e-10	15.03726276983332
1.2629803175420447e-8	-3.642483352691628e-12	15.03726276983332
-2.4048623629032544e-10	-1.1427798609234167e-10	15.03726276983332
-1.186840245639034e-8	3.4132516721641405e-12	15.03726276983332
2.2699723382518475e-10	1.0694493188387479e-10	15.03726276983332
1.1152903660179558e-8	-3.198585489865068e-12	15.03726276983332
-2.1426039360752844e-10	-1.000842082786695e-10	15.03726276983332
-1.0480539442095946e-8	2.9974522487874275e-12	15.03726276983332
2.0223415369548376e-10	9.366512963772674e-11	15.03726276983332
9.848709477669762e-9	-2.809088399673009e-12	15.03726276983332
-1.9087904478668615e-10	-8.765929010773087e-11	15.03726276983332
-9.254970015118641e-9	2.63258473374918e-12	15.03726276983332
1.8015796331563012e-10	8.203984528536717e-11	15.03726276983332
8.697024829841837e-9	-2.4672800959056806e-12	15.03726276983332
-1.7003563111345362e-10	-7.678197324752274e-11	15.03726276983332
-8.17271590034557e-9	2.3123714124106255e-12	15.03726276983332
1.604789581216025e-10	7.186218515246577e-11	15.03726276983332
7.680015570258165e-9	-2.1672865069921894e-12	15.03726276983332
-1.5145638370808927e-10	-6.725878842539578e-11	15.03726276983332
-7.217018105447482e-9	2.0313123727828154e-12	15.03726276983332
1.4293843169202773e-10	6.295123505228882e-11	15.03726276983332
6.781933029493767e-9	-1.9039582269169948e-12	15.03726276983332
-1.348968669017766e-10	-5.892055460822186e-11	15.03726276983332
-6.373077416783267e-9	1.7845919889101134e-12	15.03726276983332
1.2730539881272616e-10	5.514877335184834e-11	15.03726276983332
5.98887018142416e-9	-1.6727888510855866e-12	15.03726276983332
-1.2013881761288212e-10	-5.1619305787106973e-11	15.03726276983332
-5.627825198005598e-9	1.5679902975413422e-12	15.03726276983332
1.1337363823627339e-10	4.8316427132619586e-11	15.03726276983332
5.288546238962332e-9	-1.4698279168197846e-12	15.03726276983332
-1.0698740456660516e-10	-4.522563317581431e-11	15.03726276983332
-4.969721021724615e-9	1.377806581092895e-12	15.03726276983332
1.0095910063396312e-10	4.2333158723733927e-11	15.03726276983332
4.670116541597256e-9	-1.2916121795860652e-12	15.03726276983332
-9.526871384640232e-11	-3.962632862149212e-11	15.03726276983332
-4.388573994657876e-9	1.2108018197463846e-12	15.03726276983332
8.989747699713671e-11	3.709309181343527e-11	15.03726276983332
4.124004549216193e-9	-1.1351083643270334e-12	15.03726276983332
-8.482754194936035e-11	-3.472236590589613e-11	15.03726276983332
-3.875384922067851e-9	1.064135265735516e-12	15.03726276983332
8.00421478569402e-11	3.2503600050288524e-11	15.03726276983332
3.6417535983378385e-9	-9.976576972676143e-13	15.03726276983332
-7.552537064220401e-11	-3.042710843338782e-11	15.03726276983332
-3.4222069442807394e-9	9.353191557659602e-13	15.03726276983332
7.126227791999618e-11	2.8483647740628685e-11	15.03726276983332
3.215895910960319e-9	-8.769259920480038e-13	15.03726276983332
-6.723863655607157e-11	-2.6664750724165966e-11	15.03726276983332
-3.0220225169091945e-9	8.221646111274981e-13	15.03726276983332
6.344113013680925e-11	2.4962323804256695e-11	15.03726276983332
2.8398370030383794e-9	-7.708725228204657e-13	15.03726276983332
-5.985705166084718e-11	-2.3368967003434374e-11	15.03726276983332
-2.6686346696964558e-9	7.22759910236796e-13	15.03726276983332
5.647457746456329e-11	2.1877585361347047e-11	15.03726276983332
2.5077535141057944e-9	-6.776977607208312e-13	15.03726276983332
-5.32822839266556e-11	-2.048170814175307e-11	15.03726276983332
-2.3565711601292086e-9	6.354288526372226e-13	15.03726276983332
5.026967870345112e-11	1.9175129665903872e-11	15.03726276983332
2.214503033151614e-9	-5.958322714952984e-13	15.03726276983332
-4.742660907043903e-11	-1.795218076243722e-11	15.03726276983332
-2.0809996157147273e-9	5.586937678048568e-13	15.03726276983332
4.4743592587403976e-11	1.6807429514478695e-11	15.03726276983332
1.9555445470495467e-9	-5.238994750789064e-13	15.03726276983332
-4.221173518681348e-11	-1.5735925892693335e-11	15.03726276983332
-1.8376527188932264e-9	4.912621396226921e-13	15.03726276983332
3.982244738000846e-11	1.4732895193276118e-11	15.03726276983332
1.7268680470714318e-9	-4.606863909191099e-13	15.03726276983332
-3.7567872122504174e-11	-1.3794026328646348e-11	15.03726276983332
-1.6227621974070582e-9	4.3200462784860724e-13	15.03726276983332
3.544033158818659e-11	1.2915117525179954e-11	15.03726276983332
1.5249324183292141e-9	-4.05131116905731e-13	15.03726276983332
-3.343280201949796e-11	-1.2092417464393093e-11	15.03726276983332
-1.433000433126468e-9	3.799231196204529e-13	15.03726276983332
3.153848466794056e-11	1.1322225558658812e-11	15.03726276983332
1.346610643403549e-9	-3.5630032758666814e-13	15.03726276983332
-2.975105518317257e-11	-1.0601273531412362e-11	15.03726276983332
-1.2654289523185357e-9	3.3414471363821564e-13	15.03726276983332
2.8064492472530605e-11	9.92631534655423e-12	15.03726276983332
1.1891413624009568e-9	-3.13378381681683e-13	15.03726276983332
-2.6473163926959035e-11	-9.294492392416248e-12	15.03726276983332
-1.1174528671126465e-9	2.9390305309798903e-13	15.03726276983332
2.497166648505741e-11	8.702954350030143e-12	15.03726276983332
1.0500861520112562e-9	-2.756475362236565e-13	15.03726276983332
-2.3555013720515092e-11	-8.149212341602168e-12	15.03726276983332
-9.86780727233939e-10	2.585253276025132e-13	15.03726276983332
2.2218378099414798e-11	7.63075688267763e-12	15.03726276983332
9.272917098007694e-10	-2.42474743226379e-13	15.03726276983332
-2.095731347065065e-11	-7.145415147592533e-12	15.03726276983332
-8.713890737381177e-10	2.274215857703791e-13	15.03726276983332
1.9767499151950304e-11	6.690990005622436e-12	15.03726276983332
8.188565345920985e-10	-2.133097904115567e-13	15.03726276983332
-1.8645023486526244e-11	-6.2655768108997806e-12	15.03726276983332
-7.694910331179996e-10	2.0007433513203344e-13	15.03726276983332
1.758596493088286e-11	5.867249763781543e-12	15.03726276983332
7.23101494622916e-10	-1.8766462255733557e-13	15.03726276983332
-1.658691811915824e-11	-5.494346813052235e-12	15.03726276983332
-6.795086903248907e-10	1.7602371730466118e-13	15.03726276983332
1.564431292931041e-11	5.145172813125006e-12	15.03726276983332
6.38543825396197e-10	-1.6511628887383465e-13	15.03726276983332
-1.4755152320816565e-11	-4.818280842151596e-12	15.03726276983332
-6.000486406976522e-10	1.5487530501241922e-13	15.03726276983332
1.391627712032545e-11	4.512179150446537e-12	15.03726276983332
5.638741245152334e-10	-1.452847859756663e-13	15.03726276983332
-1.3124949517115015e-11	-4.2256052949640355e-12	15.03726276983332
-5.298804474117318e-10	1.3627746986333987e-13	15.03726276983332
1.2378441482278485e-11	3.957249251411137e-12	15.03726276983332
4.979361069958572e-10	-1.2784267176312295e-13	15.03726276983332
-1.1674229821273325e-11	-3.706005650332008e-12	15.03726276983332
-4.679175533834871e-10	1.1991951578973453e-13	15.03726276983332
1.1009948498477158e-11	3.470730683107607e-12	15.03726276983332
4.397087098693748e-10	-1.1250247306068691e-13	15.03726276983332
-1.03833087770593e-11	-3.250449635205503e-12	15.03726276983332
-4.132004454028294e-10	1.0553140181300987e-13	15.03726276983332
9.79222658454614e-12	3.044167518152085e-12	15.03726276983332
3.8829027086934865e-10	-9.900667781047568e-14	15.03726276983332
-9.234658601270693e-12	-2.851025459972563e-12	15.03726276983332
-3.648818225161101e-10	9.287478120195564e-14	15.03726276983332
8.708734373956653e-12	2.670150501046339e-12	15.03726276983332
3.4288458022331797e-10	-8.713683847499801e-14	15.03726276983332
-8.212645798620415e-12	-2.5007956890779015e-12	15.03726276983332
-3.222134524343183e-10	8.174035818502268e-14	15.03726276983332
7.744733838378425e-12	2.3421925184507995e-12	15.03726276983332
3.0278851823693077e-10	-7.669358203272834e-14	15.03726276983332
-7.303367111417304e-12	-2.1936883698768787e-12	15.03726276983332
-2.8453461314008024e-10	7.194614521966254e-14	15.03726276983332
6.887093154039304e-12	2.0546057575616835e-12	15.03726276983332
2.6738118901824403e-10	-6.750563385262941e-14	15.03726276983332
-6.494432668498449e-12	-1.924379460928008e-12	15.03726276983332
-2.5126183973671513e-10	6.332776799226748e-14	15.03726276983332
6.1241215426376725e-12	1.8024121093570019e-12	15.03726276983332
2.36114298509283e-10	-5.942013212745087e-14	15.03726276983332
-5.7748227609596594e-12	-1.6882047530804985e-12	15.03726276983332
-2.2187991924895619e-10	5.57486436069389e-14	15.03726276983332
5.445385986160616e-12	1.5812411860392054e-12	15.03726276983332
2.0850366115367304e-10	-5.2307529099590184e-14	15.03726276983332
-5.134708651756892e-12	-1.4810802345312927e-12	15.03726276983332
-1.9593384531207555e-10	4.9074517688427635e-14	15.03726276983332
4.841648177927879e-12	1.3872671548347295e-12	15.03726276983332
1.8412175746470483e-10	-4.604938239841714e-14	15.03726276983332
-4.565316147797817e-12	-1.2994220416948678e-12	15.03726276983332
-1.730218301024876e-10	4.3201854748333443e-14	15.03726276983332
4.304644801355703e-12	1.2171426177176442e-12	15.03726276983332
1.625910108511915e-10	-4.054167349120752e-14	15.03726276983332
-4.058874094917345e-12	-1.1400939767982223e-12	15.03726276983332
-1.5278908882173855e-10	3.803570951044713e-14	15.03726276983332
3.827023593923337e-12	1.0679225711824092e-12	15.03726276983332
1.4357801826557687e-10	-3.569335947061526e-14	15.03726276983332
-3.608443373960963e-12	-1.0003424320894586e-12	15.03726276983332
-1.349223141892632e-10	3.348872224470523e-14	15.03726276983332
3.402238056424028e-12	9.370347238081307e-13	15.03726276983332
1.2678836075143035e-10	-3.142840915759386e-14	15.03726276983332
-3.207841730268471e-12	-8.777587076545839e-13	15.03726276983332
-1.191448214512445e-10	2.948499388314802e-14	15.03726276983332
3.0244758117861767e-12	8.22224753083656e-13	15.03726276983332
1.1196204934333794e-10	-2.767318930221904e-14	15.03726276983332
-2.8515844523138293e-12	-7.702259403162901e-13	15.03726276983332
-1.0521231367980263e-10	2.5962354638177706e-14	15.03726276983332
2.688534371540975e-12	7.215093628273235e-13	15.03726276983332
9.886948782743196e-11	-2.4367456914961632e-14	15.03726276983332
-2.5347802783798446e-12	-6.758922567772389e-13	15.03726276983332
-9.290904394580644e-11	2.2861214862954255e-14	15.03726276983332
2.389792901650189e-12	6.331579882993372e-13	15.03726276983332
8.730792784630935e-11	-2.1458190463433746e-14	15.03726276983332
-2.2530806417027568e-12	-5.931365408968671e-13	15.03726276983332
-8.20444940298692e-11	2.013264584917438e-14	15.03726276983332
2.1241473294132736e-12	5.556457454957122e-13	15.03726276983332
7.70983416462361e-11	-1.8896017580237183e-14	15.03726276983332
-2.002607678088857e-12	-5.205330855591001e-13	15.03726276983332
-7.245042345666187e-11	1.7728869818310473e-14	15.03726276983332
1.887944595059977e-12	4.876417284999772e-13	15.03726276983332
6.808263932659702e-11	-1.6642492782265253e-14	15.03726276983332
-1.7799007274314814e-12	-4.56835141146642e-13	15.03726276983332
-6.397825410984517e-11	1.561255645490561e-14	15.03726276983332
1.677941537044782e-12	4.2797601130846706e-13	15.03726276983332
6.012121950882514e-11	-1.465975079867269e-14	15.03726276983332
-1.5818833060614448e-12	-4.009470957173512e-13	15.03726276983332
-5.649678645690787e-11	1.3748472500947884e-14	15.03726276983332
1.491247069081322e-12	3.756251661512537e-13	15.03726276983332
5.309079813801137e-11	-1.2912276972965498e-14	15.03726276983332
-1.4058323423988437e-12	-3.519072515795509e-13	15.03726276983332
-4.989018635167273e-11	1.2109516694959387e-14	15.03726276983332
1.3252605363821751e-12	3.296924656709628e-13	15.03726276983332
4.688248282904869e-11	-1.1372652103679118e-14	15.03726276983332
-1.2493358001682705e-12	-3.0887810241287167e-13	15.03726276983332
-4.4056156192360255e-11	1.0666473441379253e-14	15.03726276983332
1.1776938802234388e-12	2.8938516541262257e-13	15.03726276983332
4.140014833457752e-11	-1.0016408920173366e-14	15.03726276983332
-1.110218443889568e-12	-2.711221067586821e-13	15.03726276983332
-3.8904342235656184e-11	9.395028787501064e-15	15.03726276983332
1.0465192684833769e-12	2.5401387440688793e-13	15.03726276983332
3.65589123822461e-11	-8.824359216735506e-15	15.03726276983332
-9.865441012513776e-13	-2.379890939201842e-13	15.03726276983332
-3.435495917739548e-11	8.274538770742909e-15	15.03726276983332
9.299267123499616e-13	2.2297411248870334e-13	15.03726276983332
3.228380719553351e-11	-7.774428038315193e-15	15.03726276983332
-8.766030756030313e-13	-2.0891283094473124e-13	15.03726276983332
-3.0337562569747547e-11	7.288674386246051e-15	15.03726276983332
8.262970267904651e-13	1.9573522414419964e-13	15.03726276983332
2.8508624148006452e-11	-6.849146842304956e-15	15.03726276983332
-7.78884084522661e-13	-1.8339305841002115e-13	15.03726276983332
-2.6789956130551e-11	6.420965512062247e-15	15.03726276983332
7.341801332292603e-13	1.7183023342108662e-13	15.03726276983332
2.5174893819311116e-11	-6.033007378510354e-15	15.03726276983332
-6.920367070998834e-13	-1.6099914354893837e-13	15.03726276983332
-2.365720152414645e-11	5.6582832690107624e-15	15.03726276983332
6.523043328387037e-13	1.508494087169244e-13	15.03726276983332
2.2230996819418847e-11	-5.3137710126833066e-15	15.03726276983332
-6.148558086182433e-13	-1.4134351781122833e-13	15.03726276983332
-2.0890789719484723e-11	4.985163840213152e-15	15.03726276983332
5.795333522833606e-13	1.3243455347764958e-13	15.03726276983332
1.9631350209127872e-11	-4.68109526080553e-15	15.03726276983332
-5.462635554387477e-13	-1.2409177637181406e-13	15.03726276983332
-1.8447875512999696e-11	4.391290145203725e-15	15.03726276983332
5.148621371057308e-13	1.162713001715044e-13	15.03726276983332
1.733570404628556e-11	-4.124825847341916e-15	15.03726276983332
-4.853003986040502e-13	-1.0895065998387567e-13	15.03726276983332
-1.629062215151856e-11	3.868479491315166e-15	15.03726276983332
4.573989018079961e-13	1.0208238291861576e-13	15.03726276983332
1.5308517064791717e-11	-3.6357429085236914e-15	15.03726276983332
-4.31111568118337e-13	-9.566000032829606e-14	15.03726276983332
-1.4385620087665519e-11	3.4080934420323766e-15	15.03726276983332
4.0634359655723534e-13	8.963026886576821e-14	15.03726276983332
1.3518387106467066e-11	-3.2032853462191834e-15	15.03726276983332
-3.8295929891161203e-13	-8.399260730664641e-14	15.03726276983332
-1.2703388591083224e-11	3.0039582490464095e-15	15.03726276983332
3.6097012282634943e-13	7.869949517535429e-14	15.03726276983332
1.1937583849662962e-11	-2.821314579265006e-15	15.03726276983332
-3.401797178751782e-13	-7.375069742548067e-14	15.03726276983332
-1.121788037987287e-11	2.646881348745768e-15	15.03726276983332
3.206486926285899e-13	6.910301439626026e-14	15.03726276983332
1.054163717327097e-11	-2.4871614034194384e-15	15.03726276983332
-3.021615234198497e-13	-6.476126102545447e-14	15.03726276983332
-9.906075366124305e-12	2.332529128411189e-15	15.03726276983332
2.848287492178603e-13	6.06792912264025e-14	15.03726276983332
9.30893169815351e-12	-2.190977640425474e-15	15.03726276983332
-2.6838383327570115e-13	-5.686797534220561e-14	15.03726276983332
-8.747673886346672e-12	2.055725074004046e-15	15.03726276983332
2.5299834424803723e-13	5.3284007554578556e-14	15.03726276983332
8.220372037751265e-12	-1.9293594138257154e-15	15.03726276983332
-2.3837846175716264e-13	-4.9937944013911755e-14	15.03726276983332
-7.724741974135128e-12	1.813576513553537e-15	15.03726276983332
2.2470624215519483e-13	4.6792247034548524e-14	15.03726276983332
7.2590929396118636e-12	-1.6992876786648248e-15	15.03726276983332
-2.11730261440062e-13	-4.3854237801734596e-14	15.03726276983332
-6.8214347184180405e-12	1.59693367336424e-15	15.03726276983332
1.9957117740739075e-13	4.109231510994935e-14	15.03726276983332
6.410227761451684e-12	-1.4984363042325019e-15	15.03726276983332
-1.880516405279622e-13	-3.851194925061675e-14	15.03726276983332
-6.023756323145957e-12	1.4073875822131177e-15	15.03726276983332
1.772397452706616e-13	3.6087852972189614e-14	15.03726276983332
5.6606255396743696e-12	-1.3220141077515873e-15	15.03726276983332
-1.6701537164119615e-13	-3.382170979848831e-14	15.03726276983332
-5.319354289566393e-12	1.239707365071862e-15	15.03726276983332
1.574035147473432e-13	3.1694306991983794e-14	15.03726276983332
4.9986797784087605e-12	-1.1649861623160159e-15	15.03726276983332
-1.4832936737582286e-13	-2.9704024855274805e-14	15.03726276983332
-4.697325142195694e-12	1.0919541430679457e-15	15.03726276983332
1.397815324538566e-13	2.7837160896219903e-14	15.03726276983332
4.414140133732274e-12	-1.0274748347404553e-15	15.03726276983332
-1.3173234114029346e-13	-2.6086795108481913e-14	15.03726276983332
-4.148037944837856e-12	9.620078551281613e-16	15.03726276983332
1.241237928617959e-13	2.4449684637514377e-14	15.03726276983332
3.897952688285138e-12	-9.068879452040345e-16	15.03726276983332
-1.1698919534236948e-13	-2.2911239494115998e-14	15.03726276983332
-3.662980442469579e-12	8.450307243416736e-16	15.03726276983332
1.1022185397048976e-13	2.1475097184437285e-14	15.03726276983332
3.442135978554965e-12	-8.025805871236679e-16	15.03726276983332
-1.0388088716898305e-13	-2.012429553737625e-14	15.03726276983332
-3.2346304538297584e-12	7.432559620507329e-16	15.03726276983332
9.788672078271046e-14	1.8862169143817653e-14	15.03726276983332
3.039630894975113e-12	-7.075560825107071e-16	15.03726276983332
-9.223238918382748e-14	-1.76768245113379e-14	15.03726276983332
-2.856368149279131e-12	6.556557256080448e-16	15.03726276983332
8.693192066538158e-14	1.6566533533857255e-14	15.03726276983332
2.684194678557514e-12	-6.223193283872996e-16	15.03726276983332
-8.188818148971775e-14	-1.5526153933105453e-14	15.03726276983332
-2.522343832435638e-12	5.783375927269103e-16	15.03726276983332
7.719455626585226e-14	1.4552718624680916e-14	15.03726276983332
2.3703145889895847e-12	-5.485552221049596e-16	15.03726276983332
-7.270676236129774e-14	-1.3638009886032266e-14	15.03726276983332
-2.2273837558325845e-12	5.095216278279024e-16	15.03726276983332
6.854454258698289e-14	1.2783433500381142e-14	15.03726276983332
2.0931392527565427e-12	-4.845501176482484e-16	15.03726276983332
-6.454921466611365e-14	-1.1980968477893917e-14	15.03726276983332
-1.9669107829631977e-12	4.492310161377823e-16	15.03726276983332
6.086630639357118e-14	1.1229846343413244e-14	15.03726276983332
1.848376243714585e-12	-4.259097787696104e-16	15.03726276983332
-5.730965697386806e-14	-1.0523378914408681e-14	15.03726276983332
-1.7369064665860128e-12	3.971378286865184e-16	15.03726276983332
5.4035145622369255e-14	9.866065983865511e-15	15.03726276983332
1.6322233936093004e-12	-3.7440123635170183e-16	15.03726276983332
-5.0891184792547094e-14	-9.244358137683347e-15	15.03726276983332
-1.5338048838745096e-12	3.4967560327546654e-16	15.03726276983332
4.79659170695176e-14	8.666680227524837e-15	15.03726276983332
1.4413488287995671e-12	-3.3093452054709664e-16	15.03726276983332
-4.518718387960593e-14	-8.121210736461374e-15	15.03726276983332
-1.3544497568609113e-12	3.083232813854501e-16	15.03726276983332
4.257830301991694e-14	7.614263286914054e-15	15.03726276983332
1.2727941757287898e-12	-2.9166480597241884e-16	15.03726276983332
-4.012316406395401e-14	-7.134725466384996e-15	15.03726276983332
-1.1960688588380873e-12	2.709217789098751e-16	15.03726276983332
3.779605475780758e-14	6.6887884893398345e-15	15.03726276983332
1.1239545683316606e-12	-2.582912545122136e-16	15.03726276983332
-3.561955272580631e-14	-6.2688455403704965e-15	15.03726276983332
-1.0562014038860603e-12	2.3834171057993783e-16	15.03726276983332
3.3554893743635e-14	5.8772441784615974e-15	15.03726276983332
9.925216491523633e-13	-2.2740999715640126e-16	15.03726276983332
-3.1622961946845876e-14	-5.506600996598402e-15	15.03726276983332
-9.326954008515594e-13	2.1087398395311007e-16	15.03726276983332
2.978264442924307e-14	5.163518509152781e-15	15.03726276983332
8.764530835847595e-13	-2.0098359900669793e-16	15.03726276983332
-2.8077152817811482e-14	-4.837016475626283e-15	15.03726276983332
-8.23632870142759e-13	1.8484134593924932e-16	15.03726276983332
2.6433691540630608e-14	4.536807011464972e-15	15.03726276983332
7.739591742821635e-13	-1.7778522549921083e-16	15.03726276983332
-2.4926384509948582e-14	-4.250158763125449e-15	15.03726276983332
-7.273214201066228e-13	1.628963229376873e-16	15.03726276983332
2.346143111817837e-14	3.986829319501988e-15	15.03726276983332
6.834512983414557e-13	-1.577252990575394e-16	15.03726276983332
-2.2128289147493644e-14	-3.734190289485324e-15	15.03726276983332
-6.422708854881492e-13	1.4271960468324203e-16	15.03726276983332
2.0825082840389514e-14	3.5034373287531277e-15	15.03726276983332
6.035300083204387e-13	-1.4010909378703412e-16	15.03726276983332
-1.9641226245246388e-14	-3.280282570238755e-15	15.03726276983332
-5.671640125063642e-13	1.246513465706866e-16	15.03726276983332
1.848528066538174e-14	3.079779886292196e-15	15.03726276983332
5.32953440350385e-13	-1.2363618241493032e-16	15.03726276983332
-1.743662264105365e-14	-2.881313397131594e-15	15.03726276983332
-5.008442311870273e-13	1.0996567769685486e-16	15.03726276983332
1.6405403151106335e-14	2.704623943353948e-15	15.03726276983332
4.706319703169957e-13	-1.1022253519486747e-16	15.03726276983332
-1.5472377970797843e-14	-2.532916100568243e-15	15.03726276983332
-4.422705366364144e-13	9.633915783045358e-17	15.03726276983332
1.456579249020926e-14	2.3780243332466525e-15	15.03726276983332
4.1559872605112895e-13	-9.583221707945928e-17	15.03726276983332
-1.373509903758893e-14	-2.224627070520289e-15	15.03726276983332
-3.9055698137319753e-13	8.615496581275948e-17	15.03726276983332
1.292267984624769e-14	2.0889201850605052e-15	15.03726276983332
3.669953331494238e-13	-8.468196611600339e-17	15.03726276983332
-1.2193070268216258e-14	-1.955703126308386e-15	15.03726276983332
-3.4488805993807134e-13	7.660159777600987e-17	15.03726276983332
1.1466198757152591e-14	1.835462624589441e-15	15.03726276983332
3.240751363134194e-13	-7.356786733643235e-17	15.03726276983332
-1.0825965750325464e-14	-1.7189270183273893e-15	15.03726276983332
-3.045602191675945e-13	6.526677696010526e-17	15.03726276983332
1.017660129144564e-14	1.613347620433096e-15	15.03726276983332
2.86179922441976e-13	-6.657305944264297e-17	15.03726276983332
-9.605888709897606e-15	-1.5100394426365132e-15	15.03726276983332
-2.6894359363337154e-13	5.651493821251037e-17	15.03726276983332
9.035480736028803e-15	1.417007651969694e-15	15.03726276983332
2.527211127511225e-13	-6.072156966673863e-17	15.03726276983332
-8.51497677025228e-15	-1.3273652206730865e-15	15.03726276983332
-2.3748245929436713e-13	4.812548306367802e-17	15.03726276983332
8.029510114200422e-15	1.2475748135688625e-15	15.03726276983332
2.2317672892304965e-13	-5.384501013486521e-17	15.03726276983332
-7.550632495733747e-15	-1.1652235681008974e-15	15.03726276983332
-2.0970722008125325e-13	4.252822143740441e-17	15.03726276983332
7.130555152581067e-15	1.0961613225322447e-15	15.03726276983332
1.9708449980898545e-13	-4.743896548101444e-17	15.03726276983332
-6.694724261249837e-15	-1.0243352453260919e-15	15.03726276983332
-1.851801188605951e-13	3.8849831555294216e-17	15.03726276983332
6.329638420841115e-15	9.641168927316927e-16	15.03726276983332
1.7403724036187766e-13	-4.111022036143156e-17	15.03726276983332
-5.9428166537160875e-15	-8.993126643620907e-16	15.03726276983332
-1.6352716260822628e-13	3.329881815032631e-17	15.03726276983332
5.615392582838261e-15	8.479254468453369e-16	15.03726276983332
1.536847705688824e-13	-3.6875940251621174e-17	15.03726276983332
-5.2747436548221635e-15	-7.899356889081013e-16	15.03726276983332
-1.4440569770628658e-13	2.858131631719741e-17	15.03726276983332
4.981587654479193e-15	7.466884449412851e-16	15.03726276983332
1.3571205830764569e-13	-3.461186152305314e-17	15.03726276983332
-4.681240580528798e-15	-6.933968485954743e-16	15.03726276983332
-1.2751901464134943e-13	2.4153439837154786e-17	15.03726276983332
4.4211045222698194e-15	6.565630072584739e-16	15.03726276983332
1.1984320873276313e-13	-3.103089760671059e-17	15.03726276983332
-4.1532642007182855e-15	-6.090370017556135e-16	15.03726276983332
-1.1260705751450261e-13	2.193490991396702e-17	15.03726276983332
3.921721826933891e-15	5.770513678180647e-16	15.03726276983332
1.0582707777802438e-13	-2.6550803644476645e-17	15.03726276983332
-3.687498636895209e-15	-5.358395375041069e-16	15.03726276983332
-9.943986640923893e-14	1.8776202121357113e-17	15.03726276983332
3.4797356011886588e-15	5.067616920935508e-16	15.03726276983332
9.345313039933266e-14	-2.4001362993484536e-17	15.03726276983332
-3.2706116718655655e-15	-4.706411984124648e-16	15.03726276983332
-8.780894807586639e-14	1.5022370443906863e-17	15.03726276983332
3.091167530391256e-15	4.457682914129759e-16	15.03726276983332
8.252989726197329e-14	-2.2208979625216822e-17	15.03726276983332
-2.8969330028985694e-15	-4.134416381432952e-16	15.03726276983332
-7.753645697732626e-14	1.4046701236880042e-17	15.03726276983332
2.7452821217676013e-15	3.9218652671020474e-16	15.03726276983332
7.288006699811024e-14	-1.894675328505355e-17	15.03726276983332
-2.5697579319134126e-15	-3.63280336131033e-16	15.03726276983332
-6.84684696031455e-14	1.1670067019781388e-17	15.03726276983332
2.438266352914873e-15	3.44591267641113e-16	15.03726276983332
6.43603127560662e-14	-1.7021923612998637e-17	15.03726276983332
-2.2775948257369703e-15	-3.1860501298475515e-16	15.03726276983332
-6.046112710659195e-14	1.094698499088639e-17	15.03726276983332
2.1634031031430185e-15	3.027487818690516e-16	15.03726276983332
5.683411632274155e-14	-1.494096356650658e-17	15.03726276983332
-2.020004242725818e-15	-2.8031236846610196e-16	15.03726276983332
-5.338909394337135e-14	8.62736170777828e-18	15.03726276983332
1.9221331311947387e-15	2.663122828414282e-16	15.03726276983332
5.019116659104127e-14	-1.323296284269369e-17	15.03726276983332
-1.789702695333395e-15	-2.466098405775501e-16	15.03726276983332
-4.714393749906254e-14	8.380774565960417e-18	15.03726276983332
1.7073599942357553e-15	2.333175687005662e-16	15.03726276983332
4.432491115709385e-14	-1.1792960293818277e-17	15.03726276983332
-1.5846091523073835e-15	-2.1660051308504848e-16	15.03726276983332
-4.162878987644664e-14	7.539717618996205e-18	15.03726276983332
1.5154131576048946e-15	2.0625653165243274e-16	15.03726276983332
3.9141911921158276e-14	-1.1407069197683997e-17	15.03726276983332
-1.4046856313472452e-15	-1.9010517873519994e-16	15.03726276983332
-3.675838055111518e-14	5.710817477173929e-18	15.03726276983332
1.3467464419796414e-15	1.8214404882171002e-16	15.03726276983332
3.456540763208801e-14	-9.254235604925432e-18	15.03726276983332
-1.2480751170506694e-15	-1.6574034734305856e-16	15.03726276983332
-3.2463923052585634e-14	5.17839740547916e-18	15.03726276983332
1.1901840621589378e-15	1.6101651517134238e-16	15.03726276983332
3.0519205716697964e-14	-9.636242471366877e-18	15.03726276983332
-1.1103817676876862e-15	-1.448451584925546e-16	15.03726276983332
-2.867047549936015e-14	3.0120251071284145e-18	15.03726276983332
1.0535804940784657e-15	1.423146425353219e-16	15.03726276983332
2.6948559978868438e-14	-9.387004276286331e-18	15.03726276983332
-9.857681328005021e-16	-1.2788657941621985e-16	15.03726276983332
-2.5317815298875427e-14	2.519229754571695e-18	15.03726276983332
9.35225993036678e-16	1.2470037999662098e-16	15.03726276983332
2.379809731440456e-14	-8.409608492367866e-18	15.03726276983332
-8.729883095598927e-16	-1.130409008264924e-16	15.03726276983332
-2.2354236017651424e-14	1.259887568552603e-18	15.03726276983332
8.341068738707951e-16	1.0935862356824925e-16	15.03726276983332
2.1020607913911003e-14	-7.875128440069773e-18	15.03726276983332
-7.700695437768435e-16	-9.829079945772472e-17	15.03726276983332
-1.9737868679692368e-14	2.0661077927712038e-18	15.03726276983332
7.395876943552585e-16	9.70620613036287e-17	15.03726276983332
1.8560561617928238e-14	-6.056726910354605e-18	15.03726276983332
-6.856437907281988e-16	-8.672250752553503e-17	15.03726276983332
-1.7431442722331403e-14	1.3659176612706843e-18	15.03726276983332
6.551089714553931e-16	8.54370272003738e-17	15.03726276983332
1.6389061721015903e-14	-5.195382069210716e-18	15.03726276983332
-6.109013534784168e-16	-7.486635585096778e-17	15.03726276983332
-1.5397450862647954e-14	9.39658959017155e-19	15.03726276983332
5.765568129755485e-16	7.541402952306526e-17	15.03726276983332
1.4469017412648593e-14	-5.502994944148096e-18	15.03726276983332
-5.440354913534729e-16	-6.579181383757177e-17	15.03726276983332
-1.3598809032828227e-14	2.0898603698884766e-19	15.03726276983332
5.096018144651926e-16	6.686650414848945e-17	15.03726276983332
1.277443640721963e-14	-4.7794132442076735e-18	15.03726276983332
-4.853104353620628e-16	-5.779046689655528e-17	15.03726276983332
-1.2011951366045148e-14	4.692089848945831e-19	15.03726276983332
4.492023258991184e-16	5.85580974906355e-17	15.03726276983332
1.1278207548606734e-14	-4.517570317847136e-18	15.03726276983332
-4.3224126794297056e-16	-5.04849371192718e-17	15.03726276983332
-1.0609630686857022e-14	2.085140847499985e-19	15.03726276983332
3.9550457741442933e-16	5.257660828333758e-17	15.03726276983332
9.955059954708681e-15	-3.77632757394903e-18	15.03726276983332
-3.8815992385855445e-16	-4.382827530055364e-17	15.03726276983332
-9.374100786282924e-15	-4.829185891099713e-19	15.03726276983332
3.4625575233907016e-16	4.6988967271938403e-17	15.03726276983332
8.78628670904559e-15	-4.1424581769797506e-18	15.03726276983332
-3.492981559176e-16	-3.751279638449398e-17	15.03726276983332
-8.283209668979594e-15	-9.818590861227768e-19	15.03726276983332
3.0205165589781753e-16	4.124591921396783e-17	15.03726276983332
7.754693974400215e-15	-3.990139145993042e-18	15.03726276983332
-3.1334128188825784e-16	-3.319599811477968e-17	15.03726276983332
-7.316963773953368e-15	-2.599308222735985e-18	15.03726276983332
2.669710361546551e-16	3.7236339423409055e-17	15.03726276983332
6.8481251671393304e-15	-5.192237174360017e-18	15.03726276983332
-2.772452615756019e-16	-2.90548245302095e-17	15.03726276983332
-6.460565283719706e-15	-2.5613961545404045e-18	15.03726276983332
2.389707850121671e-16	3.162703598077625e-17	15.03726276983332
6.0511689512072596e-15	-5.4748994063970625e-18	15.03726276983332
-2.3992963694976005e-16	-2.5999971588330396e-17	15.03726276983332
-5.698588255031001e-15	-3.376660479049975e-18	15.03726276983332
2.186546163230406e-16	2.9063894250466516e-17	15.03726276983332
5.3480068587334e-15	-3.96387071378591e-18	15.03726276983332
-2.1097227587013563e-16	-2.1426796044897004e-17	15.03726276983332
-5.032828776539283e-15	-2.5196696400373507e-18	15.03726276983332
1.9358742048591798e-16	2.454934730061575e-17	15.03726276983332
4.724337384907232e-15	-3.707684122213214e-18	15.03726276983332
-1.837302518384506e-16	-2.0554380388948935e-17	15.03726276983332
-4.43963715695221e-15	-2.1989054099356225e-18	15.03726276983332
1.7704535970432747e-16	2.0804407213400875e-17	15.03726276983332
4.178491221546653e-15	-3.483083925333492e-18	15.03726276983332
-1.5601043270981453e-16	-1.8533936494509067e-17	15.03726276983332
-3.9134727428506234e-15	-1.5685836198736398e-18	15.03726276983332
1.6313483738313299e-16	1.8839406297749606e-17	15.03726276983332
3.6948616200871636e-15	-2.497104738554573e-18	15.03726276983332
-1.3535223030250184e-16	-1.4975834867654664e-17	15.03726276983332
-3.4542838345353285e-15	-1.3905546779351923e-18	15.03726276983332
1.452901641224484e-16	1.7725255734339256e-17	15.03726276983332
3.2627710138953164e-15	-2.1939122507314745e-18	15.03726276983332
-1.2159402524726035e-16	-1.2229976658932536e-17	15.03726276983332
-3.052851908919536e-15	-1.2501240982698598e-18	15.03726276983332
1.256583442062343e-16	1.696904808459322e-17	15.03726276983332
2.877256803533637e-15	-1.6532921238894357e-18	15.03726276983332
-1.1416061180721343e-16	-9.373175693734522e-18	15.03726276983332
-2.704633150574086e-15	-2.2894834234376245e-19	15.03726276983332
1.0154974821549682e-16	1.5967169556371468e-17	15.03726276983332
2.5308558786643636e-15	-2.2814137136545414e-18	15.03726276983332
-1.1091253544167086e-16	-7.670096087389755e-18	15.03726276983332
-2.3973692643191845e-15	-1.6933787264153975e-18	15.03726276983332
8.313353001882063e-17	1.3811445302138497e-17	15.03726276983332
2.2301979974442277e-15	-3.686033143137974e-18	15.03726276983332
-1.0135628823055867e-16	-6.922117236519383e-18	15.03726276983332
-2.1191119675060666e-15	-3.2522264548086506e-18	15.03726276983332
7.362861579837944e-17	1.2218906700842681e-17	15.03726276983332
1.970966425477593e-15	-4.418710268664422e-18	15.03726276983332
-8.702423563940288e-17	-7.136318827208666e-18	15.03726276983332
-1.8672439272122737e-15	-3.609640350872977e-18	15.03726276983332
7.076071129868223e-17	1.0827254756950738e-17	15.03726276983332
1.7459225454014794e-15	-3.577971018220537e-18	15.03726276983332
-7.408772035257046e-17	-5.055490761456262e-18	15.03726276983332
-1.647821269809759e-15	-3.1865660763088227e-18	15.03726276983332
6.374014232670834e-17	1.0153873587017526e-17	15.03726276983332
1.5434698078140422e-15	-3.467585471684649e-18	15.03726276983332
-6.503550721695213e-17	-3.672393878241076e-18	15.03726276983332
-1.4559808177174711e-15	-2.6405656137876785e-18	15.03726276983332
5.499334251809278e-17	9.847724331119522e-18	15.03726276983332
1.3617630591622886e-15	-3.217634145889301e-18	15.03726276983332
-6.014596623156167e-17	-2.5298622755096018e-18	15.03726276983332
-1.2885943888535304e-15	-2.858494773789123e-18	15.03726276983332
4.648859669419372e-17	8.974422564445899e-18	15.03726276983332
1.2015224755528866e-15	-3.1076872639630646e-18	15.03726276983332
-5.495485534255332e-17	-2.5437726730870237e-18	15.03726276983332
-1.139996417370434e-15	-2.333983608737024e-18	15.03726276983332
4.0024362190182064e-17	7.807710376808252e-18	15.03726276983332
1.0610322793160174e-15	-3.3701299870216375e-18	15.03726276983332
-4.864229673922638e-17	-2.2261864163344722e-18	15.03726276983332
-1.0058266852275824e-15	-4.322052354055659e-18	15.03726276983332
4.017878871198445e-17	6.394527769983214e-18	15.03726276983332
9.455095550825446e-16	-5.6156522308733554e-18	15.03726276983332
-3.262450736472287e-17	-2.266994199737189e-18	15.03726276983332
-8.777200826279142e-16	-4.823907214060048e-18	15.03726276983332
4.713502247805713e-17	6.395036155044708e-18	15.03726276983332
8.46022437095384e-16	-4.507852555338361e-18	15.03726276983332
-2.0151253290921753e-17	-1.4183156055286205e-18	15.03726276983332
-7.682877586698386e-16	-4.086599921579439e-18	15.03726276983332
4.970443946835042e-17	5.910396685661343e-18	15.03726276983332
7.55484175896818e-16	-3.626147385915527e-18	15.03726276983332
-1.2505823192303082e-17	4.598231235126884e-19	15.03726276983332
-6.770435557638711e-16	-2.78295396304505e-18	15.03726276983332
4.4787179032946706e-17	6.3532210151793016e-18	15.03726276983332
6.68687576055641e-16	-3.616531159554364e-18	15.03726276983332
-1.057815699897128e-17	5.798779669794676e-19	15.03726276983332
-5.987103594294964e-16	-2.4268159566043775e-18	15.03726276983332
3.962653711777223e-17	5.924747102250288e-18	15.03726276983332
5.910748334170138e-16	-2.7318891653119195e-18	15.03726276983332
-1.0467414818254414e-17	-2.141142870243506e-20	15.03726276983332
-5.304838937369929e-16	-2.509602236329751e-18	15.03726276983332
3.618597963175612e-17	4.331388610816641e-18	15.03726276983332
5.25673385967976e-16	-2.1933099892066228e-18	15.03726276983332
-7.59387702574765e-18	-1.1238425828018437e-19	15.03726276983332
-4.687104835914762e-16	-2.050358503661095e-18	15.03726276983332
3.3207962664686465e-17	4.138408672923622e-18	15.03726276983332
4.673693775150119e-16	-2.1015654934351353e-18	15.03726276983332
-5.87089509210118e-18	6.038192299496033e-19	15.03726276983332
-4.1541197054126317e-16	-1.8905735793985177e-18	15.03726276983332
2.906295989040256e-17	4.446007163026169e-18	15.03726276983332
4.1405660357681637e-16	-1.5086035606618082e-18	15.03726276983332
-6.792754836909511e-18	6.579009797783562e-19	15.03726276983332
-3.7108841423354247e-16	-1.0695651609500824e-18	15.03726276983332
2.3125018781578293e-17	3.8742964290548e-18	15.03726276983332
3.6505352799090917e-16	-8.412012393836258e-19	15.03726276983332
-8.91589275178159e-18	-3.876778099400085e-19	15.03726276983332
-3.319295004129341e-16	-1.2181756009430748e-18	15.03726276983332
2.0799803930592675e-17	1.689432774801138e-18	15.03726276983332
3.2733355178346713e-16	-1.3334132116666388e-18	15.03726276983332
-4.893329824194906e-18	-5.971049983150451e-19	15.03726276983332
-2.9314026439431927e-16	-8.591751031708299e-19	15.03726276983332
2.0319512954111038e-17	1.735016338142769e-18	15.03726276983332
2.9349057547345983e-16	-5.961284826491223e-19	15.03726276983332
-3.7195820176686995e-18	-4.3268733578586183e-19	15.03726276983332
-2.6183794521758406e-16	-3.187187324350376e-19	15.03726276983332
1.7767070054164873e-17	1.2122844743206115e-18	15.03726276983332
2.628306042209815e-16	-1.618119346656122e-19	15.03726276983332
-2.216595972102991e-18	-1.5582802684367464e-18	15.03726276983332
-2.3291967170666e-16	9.463490089847183e-20	15.03726276983332
1.7801291861582523e-17	9.202669377281134e-19	15.03726276983332
2.374334503055762e-16	5.059860733328523e-19	15.03726276983332
-1.3420997020518984e-18	-8.563270067024343e-19	15.03726276983332
-2.1014327238243308e-16	7.982983196981812e-19	15.03726276983332
1.4589277699737745e-17	1.0209693328504236e-18	15.03726276983332
2.1252754016572935e-16	7.732113764724789e-19	15.03726276983332
-3.0536144151069405e-18	-3.030373403870471e-19	15.03726276983332
-1.922192352457587e-16	6.832180088084652e-19	15.03726276983332
1.0142951659852556e-17	1.5637079783829224e-18	15.03726276983332
1.9007022725507953e-16	-2.8487320400435124e-19	15.03726276983332
-4.7867810138649806e-18	5.206892360461737e-19	15.03726276983332
-1.7668278256629714e-16	-7.012904238908523e-20	15.03726276983332
6.360586009870891e-18	2.5536259121468687e-18	15.03726276983332
1.6925890421450796e-16	3.9131322015497816e-19	15.03726276983332
-8.81490989023621e-18	5.47589386602058e-19	15.03726276983332
-1.6677334738888515e-16	7.396770482447069e-19	15.03726276983332
1.1716552073256653e-18	8.695502785461702e-19	15.03726276983332
1.5158645314899068e-16	1.0567296147474347e-18	15.03726276983332
-1.1315734985018153e-17	1.060383804115862e-19	15.03726276983332
-1.5776528460259624e-16	1.4551338023476502e-18	15.03726276983332
-3.912529471576949e-18	2.563215147893617e-19	15.03726276983332
1.362731666483139e-16	1.099452437882673e-18	15.03726276983332
-1.2839872159049529e-17	-9.78080770847915e-19	15.03726276983332
-1.4837923294608735e-16	1.4770311658340217e-18	15.03726276983332
-6.4819954690820464e-18	9.921916031791175e-19	15.03726276983332
1.2337456272724335e-16	1.6102932679448484e-18	15.03726276983332
-1.6539003295430503e-17	-2.308846582830027e-19	15.03726276983332
-1.4401319710677492e-16	6.710429451985788e-19	15.03726276983332
-1.0481546996363562e-17	9.629850060591212e-19	15.03726276983332
1.132740607755387e-16	4.3062900615313667e-19	15.03726276983332
-1.782932503430354e-17	5.433920888353027e-20	15.03726276983332
-1.3888927774353806e-16	6.468339384784695e-19	15.03726276983332
-1.2649556594373875e-17	6.342696075576645e-19	15.03726276983332
1.0558260723930105e-16	1.0303734396617532e-18	15.03726276983332
-1.9393412693215398e-17	-1.2739051201157527e-19	15.03726276983332
-1.3630496136875165e-16	9.191016549117063e-19	15.03726276983332
-1.5640710210035256e-17	9.824220266722108e-19	15.03726276983332
9.915868417346256e-17	1.929648638974452e-19	15.03726276983332
-2.1219982667987134e-17	4.505776079862822e-19	15.03726276983332
-1.349325933222553e-16	4.841461276248433e-19	15.03726276983332
-1.8278153581466867e-17	1.213047663513025e-18	15.03726276983332
9.426804974136789e-17	4.486002340497351e-19	15.03726276983332
-2.385207256869018e-17	5.173637794751578e-19	15.03726276983332
-6.793409559113194e-17	1.554009280638669e-18	15.03726276983332
